f=     2 idx= 26 NEW   (202315400, 65289, 195, 2, 4, 0, -500, 100, 1000)
f=     2 idx= 27 NEW   (202315400, 65289, 195, 2, 4, 0, 114, 100, -900)
f=     2 idx= 28 NEW   (202315400, 65289, 195, 2, 4, 0, 300, 100, -1100)
f=     2 idx= 29 NEW   (202315400, 65289, 195, 2, 4, 0, -850, 100, 1000)
f=     2 idx= 30 NEW   (202315400, 65289, 195, 2, 4, 0, -650, 100, 1050)
f=     2 idx= 31 NEW   (202315400, 65289, 195, 2, 4, 0, -1000, 100, -100)
f=     2 idx= 32 NEW   (202315400, 65289, 195, 2, 4, 0, -900, 100, 100)
f=     2 idx= 33 NEW   (202315400, 65289, 195, 2, 4, 0, -1100, 100, 300)
f=     2 idx= 34 NEW   (202315988, 65289, 200, 2, 3, 0, -1000, 0, -1000)
f=     2 idx= 35 NEW   (202315988, 65289, 200, 2, 3, 0, 950, 0, -850)
f=     2 idx= 36 NEW   (202315988, 65289, 200, 2, 3, 0, 100, 0, 1000)
f=     2 idx= 37 NEW   (202315988, 65289, 200, 2, 3, 0, -1050, 0, 800)
f=   474 idx= 26 chg   (65289, 195, 2, 4, 0) -> (65289, 195, 10, 4, 0)  pos=(-500, 100, 1000)
f=   476 idx= 26 chg   (65289, 195, 10, 4, 0) -> (65289, 195, 1, 4, 0)  pos=(-500, 100, 1000)
f=   486 idx= 27 chg   (65289, 195, 2, 4, 0) -> (9, 195, 5, 4, 0)  pos=(40, -55, 0)
f=   524 idx= 30 chg   (65289, 195, 2, 4, 0) -> (265, 195, 8, 4, 0)  pos=(-648, 91, 1032)
f=   544 idx= 66 NEW   (202164136, 65289, 194, 2, 0, 25, 0, 50, 600)
f=   602 idx= 30 chg   (265, 195, 8, 4, 0) -> (265, 195, 10, 4, 0)  pos=(37, 80, -344)
f=   602 idx= 61 NEW   (202161328, 9, 193, 0, 5, 0, 99, 75, -449)
f=   604 idx= 30 chg   (265, 195, 10, 4, 0) -> (265, 195, 1, 4, 0)  pos=(-650, 100, 1050)
f=   604 idx= 62 NEW   (202164136, 65289, 194, 2, 0, 4, 250, 50, -600)
f=   650 idx= 61 chg   (9, 193, 0, 5, 0) -> (9, 193, 2, 5, 0)  pos=(-622, 75, 341)
f=   664 idx= 80 NEW   (202164136, 65289, 194, 2, 0, 59, 650, 50, 800)
f=   712 idx= 29 chg   (65289, 195, 2, 4, 0) -> (65289, 195, 10, 4, 0)  pos=(-824, 100, 964)
f=   714 idx= 29 chg   (65289, 195, 10, 4, 0) -> (65289, 195, 1, 4, 0)  pos=(-850, 100, 1000)
f=   724 idx= 63 NEW   (202164136, 65289, 194, 2, 0, 12, -600, 50, 650)
f=   740 idx= 73 NEW   (202161328, 9, 193, 0, 3, 0, -514, 75, 800)
f=   768 idx= 63 chg   (65289, 194, 2, 0, 12) -> (9, 194, 9, 0, 12)  pos=(-600, 50, 650)
f=   776 idx= 26 chg   (65289, 195, 1, 4, 0) -> (65289, 195, 0, 4, 0)  pos=(-500, 100, 1000)
f=   784 idx= 72 NEW   (202164136, 65289, 194, 2, 0, 121, -650, 50, 180)
f=   788 idx= 73 chg   (9, 193, 0, 3, 0) -> (9, 193, 2, 3, 0)  pos=(-392, 75, 762)
f=   790 idx= 73 END   0xc0cbcb0
f=   792 idx= 28 chg   (65289, 195, 2, 4, 0) -> (521, 195, 5, 4, 0)  pos=(40, -55, 0)
f=   796 idx= 63 chg   (9, 194, 9, 0, 12) -> (9, 194, 9, 0, 0)  pos=(-600, 50, 650)
f=   796 idx= 73 NEW   (202151952, 9, 12, 0, 0, 0, -600, 90, 650)
f=   806 idx= 63 END   0xc0cc7a8
f=   814 idx= 66 chg   (65289, 194, 2, 0, 25) -> (9, 194, 9, 0, 25)  pos=(0, 50, 600)
f=   818 idx= 73 chg   (9, 12, 0, 0, 0) -> (9, 12, 2, 0, 0)  pos=(-600, 70, 650)
f=   834 idx= 62 chg   (65289, 194, 2, 0, 4) -> (9, 194, 9, 0, 4)  pos=(250, 50, -600)
f=   836 idx= 26 chg   (65289, 195, 0, 4, 0) -> (65289, 195, 2, 4, 0)  pos=(-500, 100, 1000)
f=   842 idx= 66 chg   (9, 194, 9, 0, 25) -> (9, 194, 9, 0, 0)  pos=(0, 50, 600)
f=   842 idx= 71 NEW   (202151952, 9, 25, 0, 0, 0, 0, 121, 600)
f=   844 idx= 75 NEW   (202164136, 65289, 194, 2, 0, 36, 950, 50, 300)
f=   852 idx= 66 END   0xc0cc7a8
f=   860 idx= 62 chg   (9, 194, 9, 0, 4) -> (9, 194, 9, 0, 0)  pos=(250, 50, -600)
f=   860 idx= 63 NEW   (202151952, 9, 4, 0, 0, 0, 250, 110, -600)
f=   864 idx= 71 chg   (9, 25, 0, 0, 0) -> (9, 25, 2, 0, 0)  pos=(0, 110, 600)
f=   870 idx= 62 chg   (9, 194, 9, 0, 0) -> (9, 194, 11, 0, 0)  pos=(250, 50, -600)
f=   872 idx= 62 END   0xc0cc7a8
f=   882 idx= 63 chg   (9, 4, 0, 0, 0) -> (9, 4, 2, 0, 0)  pos=(250, 110, -600)
f=   904 idx= 30 chg   (265, 195, 1, 4, 0) -> (265, 195, 0, 4, 0)  pos=(-650, 100, 1050)
f=   964 idx= 30 chg   (265, 195, 0, 4, 0) -> (265, 195, 2, 4, 0)  pos=(-650, 100, 1050)
f=   994 idx= 26 chg   (65289, 195, 2, 4, 0) -> (265, 195, 5, 4, 0)  pos=(40, -55, 0)
NOYIELD f_end=806 chest(idx=63,-600,650) hist(f,content,+421)=[(724, '0xc', '0x2'), (768, '0xc', '0x9'), (796, '0x0', '0x9')]
f=  1014 idx= 29 chg   (65289, 195, 1, 4, 0) -> (65289, 195, 0, 4, 0)  pos=(-850, 100, 1000)
f=  1026 idx= 26 chg   (265, 195, 5, 4, 0) -> (265, 195, 6, 4, 0)  pos=(-577, 171, 930)
f=  1026 idx= 30 chg   (265, 195, 2, 4, 0) -> (265, 195, 5, 4, 0)  pos=(40, -55, 0)
f=  1034 idx= 73 chg   (9, 12, 2, 0, 0) -> (777, 12, 5, 0, 0)  pos=(13, -115, 1)
f=  1054 idx= 26 chg   (265, 195, 6, 4, 0) -> (265, 195, 2, 4, 0)  pos=(-576, 100, 782)
NOYIELD f_end=852 chest(idx=66,0,600) hist(f,content,+421)=[(544, '0x19', '0x2'), (814, '0x19', '0x9'), (842, '0x0', '0x9')]
f=  1058 idx= 75 chg   (65289, 194, 2, 0, 36) -> (9, 194, 9, 0, 36)  pos=(950, 50, 300)
f=  1074 idx= 26 chg   (265, 195, 2, 4, 0) -> (265, 195, 10, 4, 0)  pos=(-615, 100, 759)
f=  1074 idx= 29 chg   (65289, 195, 0, 4, 0) -> (65289, 195, 2, 4, 0)  pos=(-850, 100, 1000)
f=  1074 idx= 30 chg   (265, 195, 5, 4, 0) -> (265, 195, 10, 4, 0)  pos=(-466, 161, 836)
NOYIELD f_end=872 chest(idx=62,250,-600) hist(f,content,+421)=[(604, '0x4', '0x2'), (834, '0x4', '0x9'), (860, '0x0', '0x9'), (870, '0x0', '0xb')]
f=  1076 idx= 26 chg   (265, 195, 10, 4, 0) -> (265, 195, 1, 4, 0)  pos=(-500, 100, 1000)
f=  1076 idx= 30 chg   (265, 195, 10, 4, 0) -> (265, 195, 1, 4, 0)  pos=(-650, 100, 1050)
f=  1086 idx= 68 NEW   (202151952, 9, 36, 0, 0, 0, 950, 121, 300)
f=  1086 idx= 75 chg   (9, 194, 9, 0, 36) -> (9, 194, 9, 0, 0)  pos=(950, 50, 300)
f=  1096 idx= 75 END   0xc0cc7a8
f=  1108 idx= 68 chg   (9, 36, 0, 0, 0) -> (9, 36, 2, 0, 0)  pos=(950, 110, 300)
f=  1116 idx= 80 chg   (65289, 194, 2, 0, 59) -> (9, 194, 9, 0, 59)  pos=(650, 50, 800)
f=  1142 idx= 65 NEW   (202151952, 9, 59, 0, 0, 0, 650, 150, 800)
f=  1142 idx= 80 chg   (9, 194, 9, 0, 59) -> (9, 194, 9, 0, 0)  pos=(650, 50, 800)
f=  1152 idx= 80 chg   (9, 194, 9, 0, 0) -> (9, 194, 11, 0, 0)  pos=(650, 50, 800)
f=  1154 idx= 80 END   0xc0cc7a8
f=  1166 idx= 65 chg   (9, 59, 0, 0, 0) -> (9, 59, 2, 0, 0)  pos=(650, 150, 800)
f=  1272 idx= 28 chg   (521, 195, 5, 4, 0) -> (521, 195, 8, 4, 0)  pos=(-32, 110, 891)
f=  1280 idx= 28 chg   (521, 195, 8, 4, 0) -> (521, 195, 10, 4, 0)  pos=(-214, 111, 996)
f=  1280 idx= 80 NEW   (202161328, 9, 193, 0, 3, 0, -341, 75, 1068)
f=  1282 idx= 28 chg   (521, 195, 10, 4, 0) -> (521, 195, 1, 4, 0)  pos=(300, 100, -1100)
NOYIELD f_end=1096 chest(idx=75,950,300) hist(f,content,+421)=[(844, '0x24', '0x2'), (1058, '0x24', '0x9'), (1086, '0x0', '0x9')]
f=  1328 idx= 80 chg   (9, 193, 0, 3, 0) -> (9, 193, 2, 3, 0)  pos=(45, 75, 71)
NOYIELD f_end=1154 chest(idx=80,650,800) hist(f,content,+421)=[(664, '0x3b', '0x2'), (1116, '0x3b', '0x9'), (1142, '0x0', '0x9'), (1152, '0x0', '0xb')]
f=  1376 idx= 26 chg   (265, 195, 1, 4, 0) -> (265, 195, 0, 4, 0)  pos=(-500, 100, 1000)
f=  1376 idx= 30 chg   (265, 195, 1, 4, 0) -> (265, 195, 0, 4, 0)  pos=(-650, 100, 1050)
f=  1436 idx= 26 chg   (265, 195, 0, 4, 0) -> (265, 195, 2, 4, 0)  pos=(-500, 100, 1000)
f=  1436 idx= 30 chg   (265, 195, 0, 4, 0) -> (265, 195, 2, 4, 0)  pos=(-650, 100, 1050)
f=  1442 idx= 30 chg   (265, 195, 2, 4, 0) -> (265, 195, 5, 4, 0)  pos=(40, -55, 0)
f=  1444 idx= 61 END   0xc0cbcb0
f=  1452 idx= 72 chg   (65289, 194, 2, 0, 121) -> (9, 194, 9, 0, 121)  pos=(-650, 50, 180)
f=  1464 idx= 71 chg   (9, 25, 2, 0, 0) -> (9, 25, 11, 0, 0)  pos=(0, 110, 600)
f=  1466 idx= 71 END   0xc0c9810
f=  1480 idx= 71 NEW   (202151952, 9, 121, 0, 0, 0, -650, 170, 180)
f=  1480 idx= 72 chg   (9, 194, 9, 0, 121) -> (9, 194, 9, 0, 0)  pos=(-650, 50, 180)
f=  1484 idx= 63 END   0xc0c9810
f=  1490 idx= 72 END   0xc0cc7a8
f=  1506 idx= 26 chg   (265, 195, 2, 4, 0) -> (265, 195, 10, 4, 0)  pos=(-638, 100, 1012)
f=  1506 idx= 27 chg   (9, 195, 5, 4, 0) -> (9, 195, 6, 4, 0)  pos=(-508, 269, 970)
f=  1506 idx= 30 chg   (265, 195, 5, 4, 0) -> (265, 195, 10, 4, 0)  pos=(-527, 161, 1110)
f=  1506 idx= 71 chg   (9, 121, 0, 0, 0) -> (521, 121, 11, 0, 0)  pos=(-650, 75, 180)
f=  1506 idx= 78 NEW   (202161328, 9, 193, 0, 0, 0, -508, 75, 970)
f=  1508 idx= 26 chg   (265, 195, 10, 4, 0) -> (265, 195, 1, 4, 0)  pos=(-500, 100, 1000)
f=  1508 idx= 30 chg   (265, 195, 10, 4, 0) -> (265, 195, 1, 4, 0)  pos=(-650, 100, 1050)
f=  1508 idx= 71 END   0xc0c9810
f=  1514 idx= 27 chg   (9, 195, 6, 4, 0) -> (9, 195, 2, 4, 0)  pos=(-575, 445, 1088)
f=  1524 idx= 32 chg   (65289, 195, 2, 4, 0) -> (521, 195, 5, 4, 0)  pos=(40, -55, 0)
f=  1526 idx= 63 NEW   (202164136, 65289, 194, 2, 0, 15, 0, 50, 600)
f=  1554 idx= 78 chg   (9, 193, 0, 0, 0) -> (9, 193, 2, 0, 0)  pos=(-860, 75, 639)
f=  1556 idx= 27 chg   (9, 195, 2, 4, 0) -> (265, 195, 8, 4, 0)  pos=(-564, 91, 1047)
f=  1576 idx= 27 chg   (265, 195, 8, 4, 0) -> (265, 195, 10, 4, 0)  pos=(-939, 80, 982)
f=  1576 idx= 73 chg   (777, 12, 5, 0, 0) -> (777, 12, 6, 0, 0)  pos=(-1048, 171, 1073)
f=  1578 idx= 27 chg   (265, 195, 10, 4, 0) -> (265, 195, 1, 4, 0)  pos=(100, 100, -900)
f=  1582 idx= 28 chg   (521, 195, 1, 4, 0) -> (521, 195, 0, 4, 0)  pos=(300, 100, -1100)
f=  1586 idx= 60 NEW   (202164136, 65289, 194, 2, 0, 6, 250, 50, -600)
f=  1594 idx= 63 chg   (65289, 194, 2, 0, 15) -> (9, 194, 9, 0, 15)  pos=(0, 50, 600)
f=  1608 idx= 73 chg   (777, 12, 6, 0, 0) -> (777, 12, 2, 0, 0)  pos=(-906, 70, 1073)
f=  1620 idx= 63 chg   (9, 194, 9, 0, 15) -> (9, 194, 9, 0, 0)  pos=(0, 50, 600)
f=  1620 idx= 74 NEW   (202151952, 9, 15, 0, 0, 0, 0, 110, 600)
f=  1630 idx= 63 chg   (9, 194, 9, 0, 0) -> (9, 194, 11, 0, 0)  pos=(0, 50, 600)
f=  1632 idx= 63 END   0xc0cc7a8
f=  1642 idx= 28 chg   (521, 195, 0, 4, 0) -> (521, 195, 2, 4, 0)  pos=(300, 100, -1100)
f=  1642 idx= 74 chg   (9, 15, 0, 0, 0) -> (9, 15, 2, 0, 0)  pos=(0, 110, 600)
f=  1646 idx= 81 NEW   (202164136, 65289, 194, 2, 6, 193, -650, 50, 180)
f=  1670 idx= 32 chg   (521, 195, 5, 4, 0) -> (521, 195, 8, 4, 0)  pos=(-556, 110, 860)
f=  1672 idx= 32 chg   (521, 195, 8, 4, 0) -> (521, 195, 1, 4, 0)  pos=(-556, 110, 860)
f=  1672 idx= 75 NEW   (202161328, 9, 193, 0, 2, 0, -575, 96, 986)
NOYIELD f_end=1490 chest(idx=72,-650,180) hist(f,content,+421)=[(784, '0x79', '0x2'), (1452, '0x79', '0x9'), (1480, '0x0', '0x9')]
f=  1708 idx= 68 chg   (9, 36, 2, 0, 0) -> (9, 36, 11, 0, 0)  pos=(950, 110, 300)
f=  1710 idx= 68 END   0xc0c9810
f=  1720 idx= 75 chg   (9, 193, 0, 2, 0) -> (9, 193, 2, 2, 0)  pos=(-1077, 75, 369)
f=  1766 idx= 65 chg   (9, 59, 2, 0, 0) -> (9, 59, 11, 0, 0)  pos=(650, 150, 800)
f=  1768 idx= 65 END   0xc0c9810
f=  1770 idx= 65 NEW   (202164136, 65289, 194, 2, 0, 70, 950, 50, 300)
f=  1808 idx= 26 chg   (265, 195, 1, 4, 0) -> (265, 195, 0, 4, 0)  pos=(-500, 100, 1000)
f=  1808 idx= 30 chg   (265, 195, 1, 4, 0) -> (265, 195, 0, 4, 0)  pos=(-650, 100, 1050)
f=  1812 idx= 80 END   0xc0cbcb0
f=  1830 idx= 64 NEW   (202164136, 65289, 194, 2, 0, 67, 650, 50, 800)
NOYIELD f_end=1632 chest(idx=63,0,600) hist(f,content,+421)=[(1526, '0xf', '0x2'), (1594, '0xf', '0x9'), (1620, '0x0', '0x9'), (1630, '0x0', '0xb')]
f=  1844 idx= 60 chg   (65289, 194, 2, 0, 6) -> (9, 194, 9, 0, 6)  pos=(250, 50, -600)
f=  1868 idx= 26 chg   (265, 195, 0, 4, 0) -> (265, 195, 2, 4, 0)  pos=(-485, 100, 1035)
f=  1868 idx= 30 chg   (265, 195, 0, 4, 0) -> (265, 195, 2, 4, 0)  pos=(-650, 100, 1050)
f=  1872 idx= 60 chg   (9, 194, 9, 0, 6) -> (9, 194, 9, 0, 0)  pos=(250, 50, -600)
f=  1872 idx= 67 NEW   (202151952, 9, 6, 0, 0, 0, 250, 121, -600)
f=  1878 idx= 27 chg   (265, 195, 1, 4, 0) -> (265, 195, 0, 4, 0)  pos=(100, 100, -900)
f=  1882 idx= 60 END   0xc0cc7a8
f=  1894 idx= 67 chg   (9, 6, 0, 0, 0) -> (9, 6, 2, 0, 0)  pos=(250, 110, -600)
f=  1908 idx= 26 chg   (265, 195, 2, 4, 0) -> (265, 195, 8, 4, 0)  pos=(-472, 91, 1021)
f=  1938 idx= 27 chg   (265, 195, 0, 4, 0) -> (265, 195, 2, 4, 0)  pos=(100, 100, -900)
f=  1958 idx= 26 chg   (265, 195, 8, 4, 0) -> (265, 195, 10, 4, 0)  pos=(112, 80, 234)
f=  1960 idx= 26 chg   (265, 195, 10, 4, 0) -> (265, 195, 1, 4, 0)  pos=(-500, 100, 1000)
f=  1972 idx= 32 chg   (521, 195, 1, 4, 0) -> (521, 195, 0, 4, 0)  pos=(-900, 100, 100)
f=  1978 idx= 81 chg   (65289, 194, 2, 6, 193) -> (9, 194, 9, 6, 193)  pos=(-650, 50, 180)
f=  2006 idx= 60 NEW   (202161328, 9, 193, 0, 6, 0, -650, 86, 180)
f=  2006 idx= 81 chg   (9, 194, 9, 6, 193) -> (9, 194, 9, 6, 0)  pos=(-650, 50, 180)
f=  2016 idx= 81 END   0xc0cc7a8
f=  2028 idx= 60 END   0xc0cbcb0
f=  2032 idx= 32 chg   (521, 195, 0, 4, 0) -> (521, 195, 2, 4, 0)  pos=(-900, 100, 100)
NOYIELD f_end=1882 chest(idx=60,250,-600) hist(f,content,+421)=[(1586, '0x6', '0x2'), (1844, '0x6', '0x9'), (1872, '0x0', '0x9')]
f=  2088 idx= 86 NEW   (202164136, 65289, 194, 2, 4, 193, -650, 50, 180)
f=  2144 idx= 74 chg   (9, 15, 2, 0, 0) -> (777, 15, 5, 0, 0)  pos=(-2, -22, 0)
f=  2174 idx= 74 chg   (777, 15, 5, 0, 0) -> (777, 15, 6, 0, 0)  pos=(-118, 171, 720)
f=  2206 idx= 74 chg   (777, 15, 6, 0, 0) -> (777, 15, 2, 0, 0)  pos=(-216, 110, 623)
f=  2210 idx= 73 END   0xc0c9810
NOYIELD f_end=2016 chest(idx=81,-650,180) hist(f,content,+421)=[(1646, '0xc1', '0x2'), (1978, '0xc1', '0x9'), (2006, '0x0', '0x9')]
f=  2260 idx= 26 chg   (265, 195, 1, 4, 0) -> (265, 195, 0, 4, 0)  pos=(-500, 100, 1000)
f=  2270 idx= 69 NEW   (202164136, 65289, 194, 2, 0, 1, -600, 50, 650)
f=  2320 idx= 26 chg   (265, 195, 0, 4, 0) -> (265, 195, 2, 4, 0)  pos=(-500, 100, 1000)
f=  2336 idx= 70 NEW   (202161328, 9, 193, 0, 6, 0, -328, 96, 676)
f=  2370 idx= 26 chg   (265, 195, 2, 4, 0) -> (265, 195, 5, 4, 0)  pos=(40, -55, 0)
f=  2384 idx= 70 chg   (9, 193, 0, 6, 0) -> (9, 193, 2, 6, 0)  pos=(868, 75, 703)
f=  2398 idx= 69 chg   (65289, 194, 2, 0, 1) -> (9, 194, 9, 0, 1)  pos=(-600, 50, 650)
f=  2424 idx= 69 chg   (9, 194, 9, 0, 1) -> (9, 194, 9, 0, 0)  pos=(-600, 50, 650)
f=  2424 idx= 98 NEW   (202151952, 9, 1, 0, 0, 0, -600, 70, 650)
f=  2434 idx= 26 chg   (265, 195, 5, 4, 0) -> (265, 195, 10, 4, 0)  pos=(-486, 161, 926)
f=  2434 idx= 69 chg   (9, 194, 9, 0, 0) -> (9, 194, 11, 0, 0)  pos=(-600, 50, 650)
f=  2436 idx= 26 chg   (265, 195, 10, 4, 0) -> (265, 195, 1, 4, 0)  pos=(-500, 100, 1000)
f=  2436 idx= 69 END   0xc0cc7a8
f=  2448 idx= 98 chg   (9, 1, 0, 0, 0) -> (9, 1, 2, 0, 0)  pos=(-600, 70, 650)
f=  2450 idx= 98 chg   (9, 1, 2, 0, 0) -> (521, 1, 5, 0, 0)  pos=(0, -16, 17)
f=  2494 idx= 67 chg   (9, 6, 2, 0, 0) -> (9, 6, 11, 0, 0)  pos=(250, 110, -600)
f=  2496 idx= 67 END   0xc0c9810
f=  2532 idx= 78 END   0xc0cbcb0
f=  2536 idx= 86 chg   (65289, 194, 2, 4, 193) -> (9, 194, 9, 4, 193)  pos=(-650, 50, 180)
f=  2556 idx= 90 NEW   (202164136, 65289, 194, 2, 0, 11, 250, 50, -600)
f=  2564 idx= 60 NEW   (202161328, 9, 193, 0, 4, 0, -650, 86, 180)
f=  2564 idx= 86 chg   (9, 194, 9, 4, 193) -> (9, 194, 9, 4, 0)  pos=(-650, 50, 180)
f=  2574 idx= 86 END   0xc0cc7a8
f=  2584 idx= 98 chg   (521, 1, 5, 0, 0) -> (521, 1, 6, 0, 0)  pos=(-615, 171, 170)
f=  2586 idx= 60 END   0xc0cbcb0
f=  2616 idx= 98 chg   (521, 1, 6, 0, 0) -> (521, 1, 2, 0, 0)  pos=(-487, 70, 230)
f=  2634 idx= 30 chg   (265, 195, 2, 4, 0) -> (9, 195, 5, 4, 0)  pos=(40, -55, 0)
NOYIELD f_end=2436 chest(idx=69,-600,650) hist(f,content,+421)=[(2270, '0x1', '0x2'), (2398, '0x1', '0x9'), (2424, '0x0', '0x9'), (2434, '0x0', '0xb')]
f=  2646 idx= 92 NEW   (202164136, 65289, 194, 2, 0, 7, -650, 50, 180)
f=  2736 idx= 26 chg   (265, 195, 1, 4, 0) -> (265, 195, 0, 4, 0)  pos=(-500, 100, 1000)
f=  2754 idx= 90 chg   (65289, 194, 2, 0, 11) -> (9, 194, 9, 0, 11)  pos=(250, 50, -600)
NOYIELD f_end=2574 chest(idx=86,-650,180) hist(f,content,+421)=[(2088, '0xc1', '0x2'), (2536, '0xc1', '0x9'), (2564, '0x0', '0x9')]
f=  2780 idx= 69 NEW   (202151952, 9, 11, 0, 0, 0, 250, 70, -600)
f=  2780 idx= 90 chg   (9, 194, 9, 0, 11) -> (9, 194, 9, 0, 0)  pos=(250, 50, -600)
f=  2790 idx= 90 chg   (9, 194, 9, 0, 0) -> (9, 194, 11, 0, 0)  pos=(250, 50, -600)
f=  2792 idx= 90 END   0xc0cc7a8
f=  2796 idx= 26 chg   (265, 195, 0, 4, 0) -> (265, 195, 2, 4, 0)  pos=(-500, 100, 1000)
f=  2800 idx= 75 chg   (9, 193, 2, 2, 0) -> (9, 193, 11, 2, 0)  pos=(-1077, 75, 369)
f=  2802 idx= 75 END   0xc0cbcb0
f=  2804 idx= 69 chg   (9, 11, 0, 0, 0) -> (9, 11, 2, 0, 0)  pos=(250, 70, -600)
f=  2806 idx= 74 chg   (777, 15, 2, 0, 0) -> (777, 15, 11, 0, 0)  pos=(-216, 110, 623)
f=  2808 idx= 74 END   0xc0c9810
f=  2832 idx= 30 chg   (9, 195, 5, 4, 0) -> (9, 195, 8, 4, 0)  pos=(56, 144, -117)
YIELD f=2834 chest(idx=90,250,-600) contents_seen=['0xb'] -> vt=0xc0cacac id=0x00 after 42f  MISMATCH
f=  2834 idx= 77 NEW   (202157228, 777, 0, 1, 0, 0, 195, 479, -499)
f=  2842 idx= 30 chg   (9, 195, 8, 4, 0) -> (9, 195, 10, 4, 0)  pos=(153, 241, -349)
f=  2842 idx= 74 NEW   (202161328, 9, 193, 0, 4, 0, 195, 279, -499)
f=  2844 idx= 30 chg   (9, 195, 10, 4, 0) -> (9, 195, 1, 4, 0)  pos=(-650, 100, 1050)
f=  2868 idx= 84 NEW   (202164136, 65289, 194, 2, 0, 4, 0, 50, 600)
f=  2870 idx= 77 END   0xc0cacac
f=  2898 idx= 74 chg   (9, 193, 0, 4, 0) -> (9, 193, 2, 4, 0)  pos=(-45, 75, 766)
f=  3086 idx= 29 chg   (65289, 195, 2, 4, 0) -> (65289, 195, 1, 4, 0)  pos=(-1140, 100, 1140)
f=  3144 idx= 30 chg   (9, 195, 1, 4, 0) -> (9, 195, 0, 4, 0)  pos=(-650, 100, 1050)
f=  3166 idx= 33 chg   (65289, 195, 2, 4, 0) -> (521, 195, 5, 4, 0)  pos=(40, -55, 0)
f=  3172 idx= 92 chg   (65289, 194, 2, 0, 7) -> (9, 194, 9, 0, 7)  pos=(-650, 50, 180)
f=  3174 idx= 98 chg   (521, 1, 2, 0, 0) -> (777, 1, 5, 0, 0)  pos=(0, -16, 17)
f=  3198 idx= 89 NEW   (202151952, 9, 7, 0, 0, 0, -650, 110, 180)
f=  3198 idx= 92 chg   (9, 194, 9, 0, 7) -> (9, 194, 9, 0, 0)  pos=(-650, 50, 180)
f=  3204 idx= 30 chg   (9, 195, 0, 4, 0) -> (9, 195, 2, 4, 0)  pos=(-650, 100, 1050)
f=  3208 idx= 92 chg   (9, 194, 9, 0, 0) -> (9, 194, 11, 0, 0)  pos=(-650, 50, 180)
f=  3210 idx= 92 END   0xc0cc7a8
f=  3216 idx= 33 chg   (521, 195, 5, 4, 0) -> (521, 195, 8, 4, 0)  pos=(-957, 110, 476)
f=  3220 idx= 89 chg   (9, 7, 0, 0, 0) -> (9, 7, 2, 0, 0)  pos=(-650, 110, 180)
f=  3226 idx= 33 chg   (521, 195, 8, 4, 0) -> (521, 195, 10, 4, 0)  pos=(-1024, 111, 709)
f=  3228 idx= 33 chg   (521, 195, 10, 4, 0) -> (521, 195, 1, 4, 0)  pos=(-1100, 100, 300)
f=  3362 idx= 84 chg   (65289, 194, 2, 0, 4) -> (9, 194, 9, 0, 4)  pos=(0, 50, 600)
f=  3376 idx= 87 NEW   (202157228, 265, 0, 1, 0, 0, -1140, 200, 940)
f=  3380 idx= 87 END   0xc0cacac
f=  3386 idx= 29 chg   (65289, 195, 1, 4, 0) -> (65289, 195, 0, 4, 0)  pos=(-850, 100, 1000)
f=  3390 idx= 84 chg   (9, 194, 9, 0, 4) -> (9, 194, 9, 0, 0)  pos=(0, 50, 600)
f=  3390 idx= 85 NEW   (202151952, 9, 4, 0, 0, 0, 0, 121, 600)
f=  3400 idx= 84 END   0xc0cc7a8
f=  3404 idx= 69 chg   (9, 11, 2, 0, 0) -> (9, 11, 11, 0, 0)  pos=(250, 70, -600)
f=  3406 idx= 69 END   0xc0c9810
f=  3412 idx= 85 chg   (9, 4, 0, 0, 0) -> (9, 4, 2, 0, 0)  pos=(0, 110, 600)
NOYIELD f_end=3210 chest(idx=92,-650,180) hist(f,content,+421)=[(2646, '0x7', '0x2'), (3172, '0x7', '0x9'), (3198, '0x0', '0x9'), (3208, '0x0', '0xb')]
f=  3414 idx= 85 chg   (9, 4, 2, 0, 0) -> (521, 4, 5, 0, 0)  pos=(0, 0, 60)
f=  3446 idx= 29 chg   (65289, 195, 0, 4, 0) -> (65289, 195, 2, 4, 0)  pos=(-850, 100, 1000)
f=  3464 idx= 70 chg   (9, 193, 2, 6, 0) -> (9, 193, 11, 6, 0)  pos=(868, 75, 703)
f=  3466 idx= 70 END   0xc0cbcb0
f=  3466 idx= 77 NEW   (202164136, 65289, 194, 2, 2, 193, 250, 50, -600)
f=  3528 idx= 33 chg   (521, 195, 1, 4, 0) -> (521, 195, 0, 4, 0)  pos=(-1100, 100, 300)
f=  3576 idx= 85 chg   (521, 4, 5, 0, 0) -> (521, 4, 7, 0, 0)  pos=(0, 0, 60)
f=  3588 idx= 33 chg   (521, 195, 0, 4, 0) -> (521, 195, 2, 4, 0)  pos=(-1100, 100, 300)
NOYIELD f_end=3400 chest(idx=84,0,600) hist(f,content,+421)=[(2868, '0x4', '0x2'), (3362, '0x4', '0x9'), (3390, '0x0', '0x9')]
f=  3612 idx= 85 chg   (521, 4, 7, 0, 0) -> (521, 4, 5, 0, 0)  pos=(0, 0, 60)
f=  3648 idx= 98 chg   (777, 1, 5, 0, 0) -> (777, 1, 6, 0, 0)  pos=(-845, 558, 867)
f=  3674 idx= 85 chg   (521, 4, 5, 0, 0) -> (521, 4, 7, 0, 0)  pos=(0, 0, 60)
f=  3702 idx= 98 chg   (777, 1, 6, 0, 0) -> (777, 1, 2, 0, 0)  pos=(-686, 70, 708)
f=  3704 idx= 98 chg   (777, 1, 2, 0, 0) -> (9, 1, 5, 0, 0)  pos=(0, -16, 17)
f=  3710 idx= 85 chg   (521, 4, 7, 0, 0) -> (521, 4, 5, 0, 0)  pos=(0, 0, 60)
f=  3762 idx= 29 chg   (65289, 195, 2, 4, 0) -> (265, 195, 5, 4, 0)  pos=(40, -55, 0)
f=  3804 idx= 74 END   0xc0cbcb0
f=  3822 idx= 89 END   0xc0c9810
f=  3882 idx= 61 NEW   (202164136, 65289, 194, 2, 6, 193, -650, 50, 180)
f=  3882 idx= 64 chg   (65289, 194, 2, 0, 67) -> (9, 194, 9, 0, 67)  pos=(650, 50, 800)
f=  3888 idx= 29 chg   (265, 195, 5, 4, 0) -> (265, 195, 8, 4, 0)  pos=(-313, 569, 860)
f=  3908 idx= 64 chg   (9, 194, 9, 0, 67) -> (9, 194, 9, 0, 0)  pos=(650, 50, 800)
f=  3908 idx= 69 NEW   (202151952, 9, 67, 0, 0, 0, 650, 70, 800)
f=  3918 idx= 64 chg   (9, 194, 9, 0, 0) -> (9, 194, 11, 0, 0)  pos=(650, 50, 800)
f=  3920 idx= 29 chg   (265, 195, 8, 4, 0) -> (777, 195, 5, 4, 0)  pos=(40, -55, 0)
f=  3920 idx= 64 END   0xc0cc7a8
f=  3926 idx= 85 chg   (521, 4, 5, 0, 0) -> (521, 4, 7, 0, 0)  pos=(0, 0, 60)
f=  3932 idx= 69 chg   (9, 67, 0, 0, 0) -> (9, 67, 2, 0, 0)  pos=(650, 70, 800)
f=  3940 idx= 29 chg   (777, 195, 5, 4, 0) -> (777, 195, 6, 4, 0)  pos=(733, 261, 816)
YIELD f=3940 chest(idx=64,650,800) contents_seen=['0x43'] -> vt=0xc0cbcb0 id=0xc1 after 20f  MISMATCH
f=  3940 idx= 93 NEW   (202161328, 9, 193, 0, 4, 0, 720, 96, 808)
f=  3948 idx= 29 chg   (777, 195, 6, 4, 0) -> (777, 195, 2, 4, 0)  pos=(572, 436, 758)
f=  3956 idx= 26 chg   (265, 195, 2, 4, 0) -> (265, 195, 8, 4, 0)  pos=(-476, 91, 996)
f=  3962 idx= 85 chg   (521, 4, 7, 0, 0) -> (521, 4, 5, 0, 0)  pos=(0, 0, 60)
f=  3988 idx= 93 chg   (9, 193, 0, 4, 0) -> (9, 193, 2, 4, 0)  pos=(-147, 75, 428)
f=  4006 idx= 26 chg   (265, 195, 8, 4, 0) -> (265, 195, 1, 4, 0)  pos=(461, 80, 866)
f=  4006 idx= 29 chg   (777, 195, 2, 4, 0) -> (777, 195, 1, 4, 0)  pos=(562, 100, 755)
f=  4006 idx= 65 chg   (65289, 194, 2, 0, 70) -> (9, 194, 9, 0, 70)  pos=(950, 50, 300)
f=  4016 idx= 85 chg   (521, 4, 5, 0, 0) -> (521, 4, 6, 0, 0)  pos=(917, 180, 411)
f=  4034 idx= 65 chg   (9, 194, 9, 0, 70) -> (9, 194, 9, 0, 0)  pos=(950, 50, 300)
f=  4034 idx= 74 NEW   (202153808, 9, 70, 0, 0, 0, 950, 90, 300)
f=  4038 idx= 30 chg   (9, 195, 2, 4, 0) -> (9, 195, 10, 4, 0)  pos=(-612, 100, 1079)
f=  4040 idx= 30 chg   (9, 195, 10, 4, 0) -> (9, 195, 1, 4, 0)  pos=(-650, 100, 1050)
f=  4044 idx= 65 END   0xc0cc7a8
f=  4056 idx= 74 chg   (9, 70, 0, 0, 0) -> (9, 70, 2, 0, 0)  pos=(950, 70, 300)
f=  4068 idx= 85 END   0xc0c9810
f=  4084 idx= 74 chg   (9, 70, 2, 0, 0) -> (521, 70, 5, 0, 0)  pos=(950, 70, 300)
f=  4128 idx= 65 NEW   (202164136, 65289, 194, 2, 0, 57, 0, 50, 600)
f=  4164 idx= 77 chg   (65289, 194, 2, 2, 193) -> (9, 194, 9, 2, 193)  pos=(250, 50, -600)
f=  4190 idx= 77 chg   (9, 194, 9, 2, 193) -> (9, 194, 9, 2, 0)  pos=(250, 50, -600)
f=  4190 idx= 83 NEW   (202161328, 9, 193, 0, 2, 0, 250, 75, -600)
f=  4200 idx= 77 chg   (9, 194, 9, 2, 0) -> (9, 194, 11, 2, 0)  pos=(250, 50, -600)
f=  4202 idx= 77 END   0xc0cc7a8
f=  4212 idx= 83 chg   (9, 193, 0, 2, 0) -> (9, 193, 2, 2, 0)  pos=(250, 75, -600)
NOYIELD f_end=4044 chest(idx=65,950,300) hist(f,content,+421)=[(1770, '0x46', '0x2'), (4006, '0x46', '0x9'), (4034, '0x0', '0x9')]
f=  4306 idx= 26 chg   (265, 195, 1, 4, 0) -> (265, 195, 0, 4, 0)  pos=(-500, 100, 1000)
f=  4306 idx= 29 chg   (777, 195, 1, 4, 0) -> (777, 195, 0, 4, 0)  pos=(-850, 100, 1000)
f=  4340 idx= 30 chg   (9, 195, 1, 4, 0) -> (9, 195, 0, 4, 0)  pos=(-650, 100, 1050)
f=  4346 idx= 65 chg   (65289, 194, 2, 0, 57) -> (9, 194, 9, 0, 57)  pos=(0, 50, 600)
f=  4350 idx= 27 chg   (265, 195, 2, 4, 0) -> (777, 195, 5, 4, 0)  pos=(40, -55, 0)
f=  4366 idx= 26 chg   (265, 195, 0, 4, 0) -> (265, 195, 2, 4, 0)  pos=(-503, 100, 936)
f=  4366 idx= 29 chg   (777, 195, 0, 4, 0) -> (777, 195, 2, 4, 0)  pos=(-850, 100, 1000)
f=  4372 idx= 65 chg   (9, 194, 9, 0, 57) -> (9, 194, 9, 0, 0)  pos=(0, 50, 600)
f=  4372 idx= 78 NEW   (202151952, 9, 57, 0, 0, 0, 0, 110, 600)
f=  4382 idx= 65 chg   (9, 194, 9, 0, 0) -> (9, 194, 11, 0, 0)  pos=(0, 50, 600)
f=  4384 idx= 65 END   0xc0cc7a8
f=  4394 idx= 78 chg   (9, 57, 0, 0, 0) -> (9, 57, 2, 0, 0)  pos=(0, 110, 600)
f=  4400 idx= 30 chg   (9, 195, 0, 4, 0) -> (9, 195, 2, 4, 0)  pos=(-650, 100, 1050)
NOYIELD f_end=4202 chest(idx=77,250,-600) hist(f,content,+421)=[(3466, '0xc1', '0x2'), (4164, '0xc1', '0x9'), (4190, '0x0', '0x9'), (4200, '0x0', '0xb')]
f=  4500 idx= 26 chg   (265, 195, 2, 4, 0) -> (265, 195, 8, 4, 0)  pos=(-510, 91, 911)
f=  4510 idx= 74 chg   (521, 70, 5, 0, 0) -> (521, 70, 6, 0, 0)  pos=(-120, 181, 330)
f=  4510 idx= 93 END   0xc0cbcb0
f=  4524 idx= 61 chg   (65289, 194, 2, 6, 193) -> (9, 194, 9, 6, 193)  pos=(-650, 50, 180)
f=  4532 idx= 69 chg   (9, 67, 2, 0, 0) -> (9, 67, 11, 0, 0)  pos=(650, 70, 800)
f=  4534 idx= 69 END   0xc0c9810
f=  4542 idx= 74 chg   (521, 70, 6, 0, 0) -> (521, 70, 2, 0, 0)  pos=(-120, 70, 189)
f=  4552 idx= 61 chg   (9, 194, 9, 6, 193) -> (9, 194, 9, 6, 0)  pos=(-650, 50, 180)
f=  4552 idx= 67 NEW   (202161328, 9, 193, 0, 6, 0, -650, 86, 180)
f=  4562 idx= 61 END   0xc0cc7a8
f=  4574 idx= 67 chg   (9, 193, 0, 6, 0) -> (9, 193, 2, 6, 0)  pos=(-650, 75, 180)
NOYIELD f_end=4384 chest(idx=65,0,600) hist(f,content,+421)=[(4128, '0x39', '0x2'), (4346, '0x39', '0x9'), (4372, '0x0', '0x9'), (4382, '0x0', '0xb')]
f=  4594 idx=116 NEW   (202164136, 65289, 194, 2, 0, 13, 650, 50, 800)
f=  4604 idx= 30 chg   (9, 195, 2, 4, 0) -> (265, 195, 8, 4, 0)  pos=(-655, 91, 1031)
f=  4606 idx= 26 chg   (265, 195, 8, 4, 0) -> (265, 195, 1, 4, 0)  pos=(115, 80, -1073)
f=  4606 idx= 28 chg   (521, 195, 2, 4, 0) -> (521, 195, 1, 4, 0)  pos=(249, 100, -1140)
f=  4618 idx= 30 chg   (265, 195, 8, 4, 0) -> (265, 195, 10, 4, 0)  pos=(-719, 80, 779)
f=  4618 idx= 76 NEW   (202161328, 9, 193, 0, 0, 0, -595, 75, 694)
f=  4618 idx= 98 chg   (9, 1, 5, 0, 0) -> (9, 1, 6, 0, 0)  pos=(-595, 171, 694)
f=  4620 idx= 30 chg   (265, 195, 10, 4, 0) -> (265, 195, 1, 4, 0)  pos=(-650, 100, 1050)
f=  4650 idx= 98 chg   (9, 1, 6, 0, 0) -> (9, 1, 2, 0, 0)  pos=(-595, 70, 552)
f=  4666 idx= 76 chg   (9, 193, 0, 0, 0) -> (9, 193, 2, 0, 0)  pos=(-782, 75, 740)
f=  4668 idx= 27 chg   (777, 195, 5, 4, 0) -> (777, 195, 6, 4, 0)  pos=(-450, 171, 847)
f=  4694 idx= 29 chg   (777, 195, 2, 4, 0) -> (777, 195, 1, 4, 0)  pos=(-850, 100, 1000)
f=  4696 idx= 27 chg   (777, 195, 6, 4, 0) -> (777, 195, 2, 4, 0)  pos=(-571, 100, 847)
f=  4704 idx= 27 chg   (777, 195, 2, 4, 0) -> (777, 195, 1, 4, 0)  pos=(-577, 100, 856)
NOYIELD f_end=4562 chest(idx=61,-650,180) hist(f,content,+421)=[(3882, '0xc1', '0x2'), (4524, '0xc1', '0x9'), (4552, '0x0', '0x9')]
f=  4866 idx= 67 END   0xc0cbcb0
f=  4896 idx= 98 chg   (9, 1, 2, 0, 0) -> (777, 1, 5, 0, 0)  pos=(0, -16, 17)
f=  4904 idx= 98 chg   (777, 1, 5, 0, 0) -> (777, 1, 6, 0, 0)  pos=(-409, 181, 600)
f=  4906 idx= 26 chg   (265, 195, 1, 4, 0) -> (265, 195, 0, 4, 0)  pos=(-500, 100, 1000)
f=  4906 idx= 28 chg   (521, 195, 1, 4, 0) -> (521, 195, 0, 4, 0)  pos=(300, 100, -1100)
f=  4920 idx= 30 chg   (265, 195, 1, 4, 0) -> (265, 195, 0, 4, 0)  pos=(-650, 100, 1050)
f=  4926 idx=111 NEW   (202164136, 65289, 194, 2, 0, 59, -650, 50, 180)
f=  4966 idx= 26 chg   (265, 195, 0, 4, 0) -> (265, 195, 2, 4, 0)  pos=(-500, 100, 1000)
f=  4966 idx= 28 chg   (521, 195, 0, 4, 0) -> (521, 195, 2, 4, 0)  pos=(300, 100, -1100)
f=  4966 idx= 98 chg   (777, 1, 6, 0, 0) -> (777, 1, 11, 0, 0)  pos=(-407, 66, 738)
f=  4968 idx= 98 END   0xc0c9810
f=  4972 idx= 26 chg   (265, 195, 2, 4, 0) -> (265, 195, 1, 4, 0)  pos=(-500, 100, 1000)
f=  4980 idx= 30 chg   (265, 195, 0, 4, 0) -> (265, 195, 2, 4, 0)  pos=(-650, 100, 1050)
f=  4984 idx= 30 chg   (265, 195, 2, 4, 0) -> (265, 195, 1, 4, 0)  pos=(-650, 100, 1050)
f=  4994 idx= 29 chg   (777, 195, 1, 4, 0) -> (777, 195, 0, 4, 0)  pos=(-850, 100, 1000)
f=  4996 idx= 78 END   0xc0c9810
f=  5004 idx= 27 chg   (777, 195, 1, 4, 0) -> (777, 195, 0, 4, 0)  pos=(100, 100, -900)
f=  5028 idx=106 NEW   (202164136, 65289, 194, 2, 0, 14, -600, 50, 650)
f=  5054 idx= 29 chg   (777, 195, 0, 4, 0) -> (777, 195, 2, 4, 0)  pos=(-850, 100, 1000)
f=  5058 idx= 29 chg   (777, 195, 2, 4, 0) -> (777, 195, 10, 4, 0)  pos=(-850, 100, 1000)
f=  5060 idx= 29 chg   (777, 195, 10, 4, 0) -> (777, 195, 1, 4, 0)  pos=(-850, 100, 1000)
f=  5064 idx= 27 chg   (777, 195, 0, 4, 0) -> (777, 195, 2, 4, 0)  pos=(100, 100, -900)
f=  5088 idx= 91 NEW   (202164136, 65289, 194, 2, 1, 193, 0, 50, 600)
f=  5108 idx= 64 NEW   (202161328, 9, 193, 0, 3, 0, -749, 75, 514)
f=  5108 idx= 98 NEW   (202161328, 9, 193, 0, 4, 0, -749, 75, 514)
f=  5144 idx= 74 END   0xc0c9f50
f=  5156 idx= 33 chg   (521, 195, 2, 4, 0) -> (521, 195, 5, 4, 0)  pos=(40, -55, 0)
f=  5156 idx= 64 chg   (9, 193, 0, 3, 0) -> (9, 193, 2, 3, 0)  pos=(-1034, 75, -301)
f=  5156 idx= 98 chg   (9, 193, 0, 4, 0) -> (9, 193, 2, 4, 0)  pos=(269, 75, 514)
f=  5158 idx= 98 END   0xc0cbcb0
f=  5204 idx= 71 NEW   (202164136, 65289, 194, 2, 5, 193, 950, 50, 300)
f=  5204 idx=111 chg   (65289, 194, 2, 0, 59) -> (9, 194, 9, 0, 59)  pos=(-650, 50, 180)
f=  5232 idx=111 chg   (9, 194, 9, 0, 59) -> (9, 194, 9, 0, 0)  pos=(-650, 50, 180)
f=  5232 idx=124 NEW   (202151952, 9, 59, 0, 0, 0, -650, 170, 180)
f=  5242 idx=111 END   0xc0cc7a8
f=  5250 idx= 67 NEW   (202161328, 9, 193, 0, 6, 0, 241, 75, 723)
f=  5254 idx=124 chg   (9, 59, 0, 0, 0) -> (9, 59, 2, 0, 0)  pos=(-650, 150, 180)
f=  5256 idx=106 chg   (65289, 194, 2, 0, 14) -> (9, 194, 9, 0, 14)  pos=(-600, 50, 650)
f=  5272 idx= 26 chg   (265, 195, 1, 4, 0) -> (265, 195, 0, 4, 0)  pos=(-500, 100, 1000)
f=  5284 idx= 30 chg   (265, 195, 1, 4, 0) -> (265, 195, 0, 4, 0)  pos=(-650, 100, 1050)
f=  5284 idx= 78 NEW   (202151952, 9, 14, 0, 0, 0, -600, 90, 650)
f=  5284 idx=106 chg   (9, 194, 9, 0, 14) -> (9, 194, 9, 0, 0)  pos=(-600, 50, 650)
f=  5294 idx= 83 END   0xc0cbcb0
f=  5294 idx=106 END   0xc0cc7a8
f=  5298 idx= 67 chg   (9, 193, 0, 6, 0) -> (9, 193, 2, 6, 0)  pos=(-926, 75, 1084)
f=  5298 idx= 91 chg   (65289, 194, 2, 1, 193) -> (9, 194, 9, 1, 193)  pos=(0, 50, 600)
f=  5308 idx= 78 chg   (9, 14, 0, 0, 0) -> (9, 14, 2, 0, 0)  pos=(-600, 22, 650)
f=  5326 idx= 91 chg   (9, 194, 9, 1, 193) -> (9, 194, 9, 1, 0)  pos=(0, 50, 600)
f=  5326 idx=112 NEW   (202161328, 9, 193, 0, 1, 0, 0, 86, 600)
f=  5330 idx= 78 chg   (9, 14, 2, 0, 0) -> (265, 14, 5, 0, 0)  pos=(0, -10, -80)
f=  5332 idx= 26 chg   (265, 195, 0, 4, 0) -> (265, 195, 2, 4, 0)  pos=(-500, 100, 1000)
f=  5336 idx= 91 END   0xc0cc7a8
f=  5344 idx= 30 chg   (265, 195, 0, 4, 0) -> (265, 195, 2, 4, 0)  pos=(-650, 100, 1050)
f=  5348 idx=112 END   0xc0cbcb0
f=  5354 idx= 84 NEW   (202164136, 65289, 194, 2, 2, 193, 250, 50, -600)
f=  5360 idx= 29 chg   (777, 195, 1, 4, 0) -> (777, 195, 0, 4, 0)  pos=(-850, 100, 1000)
f=  5378 idx= 78 chg   (265, 14, 5, 0, 0) -> (265, 14, 7, 0, 0)  pos=(0, -10, -80)
f=  5414 idx=128 NEW   (202164136, 65289, 194, 2, 0, 3, 0, 50, 600)
f=  5420 idx= 29 chg   (777, 195, 0, 4, 0) -> (777, 195, 2, 4, 0)  pos=(-850, 100, 1000)
f=  5420 idx=128 chg   (65289, 194, 2, 0, 3) -> (9, 194, 9, 0, 3)  pos=(0, 50, 600)
f=  5432 idx= 78 chg   (265, 14, 7, 0, 0) -> (265, 14, 5, 0, 0)  pos=(0, -10, -80)
NOYIELD f_end=5242 chest(idx=111,-650,180) hist(f,content,+421)=[(4926, '0x3b', '0x2'), (5204, '0x3b', '0x9'), (5232, '0x0', '0x9')]
YIELD f=5446 chest(idx=91,0,600) contents_seen=['0xc1'] -> vt=0xc0c9810 id=0x03 after 110f  MISMATCH
f=  5446 idx=111 NEW   (202151952, 9, 3, 0, 0, 0, 0, 70, 600)
f=  5446 idx=128 chg   (9, 194, 9, 0, 3) -> (9, 194, 9, 0, 0)  pos=(0, 50, 600)
f=  5456 idx=116 chg   (65289, 194, 2, 0, 13) -> (9, 194, 9, 0, 13)  pos=(650, 50, 800)
f=  5456 idx=128 chg   (9, 194, 9, 0, 0) -> (9, 194, 11, 0, 0)  pos=(0, 50, 600)
f=  5458 idx= 78 chg   (265, 14, 5, 0, 0) -> (265, 14, 7, 0, 0)  pos=(0, -10, -80)
f=  5458 idx=128 END   0xc0cc7a8
f=  5470 idx= 33 chg   (521, 195, 5, 4, 0) -> (521, 195, 6, 4, 0)  pos=(10, 171, 1004)
f=  5470 idx=111 chg   (9, 3, 0, 0, 0) -> (9, 3, 2, 0, 0)  pos=(0, 70, 600)
f=  5482 idx=114 NEW   (202151952, 9, 13, 0, 0, 0, 650, 70, 800)
f=  5482 idx=116 chg   (9, 194, 9, 0, 13) -> (9, 194, 9, 0, 0)  pos=(650, 50, 800)
f=  5492 idx=116 chg   (9, 194, 9, 0, 0) -> (9, 194, 11, 0, 0)  pos=(650, 50, 800)
f=  5494 idx=116 END   0xc0cc7a8
NOYIELD f_end=5294 chest(idx=106,-600,650) hist(f,content,+421)=[(5028, '0xe', '0x2'), (5256, '0xe', '0x9'), (5284, '0x0', '0x9')]
f=  5498 idx= 33 chg   (521, 195, 6, 4, 0) -> (521, 195, 2, 4, 0)  pos=(-138, 100, 955)
f=  5500 idx= 33 chg   (521, 195, 2, 4, 0) -> (777, 195, 5, 4, 0)  pos=(40, -55, 0)
f=  5506 idx=114 chg   (9, 13, 0, 0, 0) -> (9, 13, 2, 0, 0)  pos=(650, 70, 800)
f=  5508 idx= 78 chg   (265, 14, 7, 0, 0) -> (265, 14, 5, 0, 0)  pos=(0, -10, -80)
f=  5602 idx= 78 chg   (265, 14, 5, 0, 0) -> (265, 14, 7, 0, 0)  pos=(0, -10, -80)
f=  5650 idx= 78 chg   (265, 14, 7, 0, 0) -> (265, 14, 5, 0, 0)  pos=(0, -10, -80)
NOYIELD f_end=5458 chest(idx=128,0,600) hist(f,content,+421)=[(5414, '0x3', '0x2'), (5420, '0x3', '0x9'), (5446, '0x0', '0x9'), (5456, '0x0', '0xb')]
f=  5666 idx= 78 chg   (265, 14, 5, 0, 0) -> (265, 14, 6, 0, 0)  pos=(-483, 180, 528)
NOYIELD f_end=5494 chest(idx=116,650,800) hist(f,content,+421)=[(4594, '0xd', '0x2'), (5456, '0xd', '0x9'), (5482, '0x0', '0x9'), (5492, '0x0', '0xb')]
f=  5702 idx= 78 chg   (265, 14, 6, 0, 0) -> (265, 14, 2, 0, 0)  pos=(-371, 22, 416)
f=  5748 idx= 76 END   0xc0cbcb0
f=  5752 idx= 28 chg   (521, 195, 2, 4, 0) -> (9, 195, 5, 4, 0)  pos=(40, -55, 0)
f=  5780 idx= 33 chg   (777, 195, 5, 4, 0) -> (777, 195, 8, 4, 0)  pos=(474, 161, -459)
f=  5790 idx= 28 chg   (9, 195, 5, 4, 0) -> (9, 195, 6, 4, 0)  pos=(268, 181, -846)
f=  5790 idx= 33 chg   (777, 195, 8, 4, 0) -> (777, 195, 1, 4, 0)  pos=(382, 128, -764)
f=  5816 idx= 28 chg   (9, 195, 6, 4, 0) -> (9, 195, 2, 4, 0)  pos=(350, 100, -928)
f=  5856 idx=124 END   0xc0c9810
f=  5916 idx= 59 NEW   (202164136, 65289, 194, 2, 0, 193, -650, 50, 180)
f=  5918 idx= 59 chg   (65289, 194, 2, 0, 193) -> (9, 194, 9, 0, 193)  pos=(-650, 50, 180)
f=  5924 idx= 32 chg   (521, 195, 2, 4, 0) -> (521, 195, 5, 4, 0)  pos=(40, -55, 0)
f=  5944 idx= 59 chg   (9, 194, 9, 0, 193) -> (9, 194, 9, 0, 0)  pos=(-650, 50, 180)
f=  5944 idx= 85 NEW   (202161328, 9, 193, 0, 0, 0, -650, 75, 180)
f=  5954 idx= 59 chg   (9, 194, 9, 0, 0) -> (9, 194, 11, 0, 0)  pos=(-650, 50, 180)
f=  5956 idx= 59 END   0xc0cc7a8
f=  5962 idx= 84 chg   (65289, 194, 2, 2, 193) -> (9, 194, 9, 2, 193)  pos=(250, 50, -600)
f=  5966 idx= 85 chg   (9, 193, 0, 0, 0) -> (9, 193, 2, 0, 0)  pos=(-650, 75, 180)
f=  5968 idx= 85 END   0xc0cbcb0
f=  5988 idx= 84 chg   (9, 194, 9, 2, 193) -> (9, 194, 9, 2, 0)  pos=(250, 50, -600)
f=  5988 idx= 91 NEW   (202161328, 9, 193, 0, 2, 0, 250, 75, -600)
f=  5998 idx= 84 chg   (9, 194, 9, 2, 0) -> (9, 194, 11, 2, 0)  pos=(250, 50, -600)
f=  6000 idx= 84 END   0xc0cc7a8
f=  6010 idx= 91 chg   (9, 193, 0, 2, 0) -> (9, 193, 2, 2, 0)  pos=(250, 75, -600)
f=  6028 idx=138 NEW   (202164136, 65289, 194, 2, 0, 51, -650, 50, 180)
f=  6070 idx=111 chg   (9, 3, 2, 0, 0) -> (9, 3, 11, 0, 0)  pos=(0, 70, 600)
f=  6072 idx=111 END   0xc0c9810
f=  6090 idx= 33 chg   (777, 195, 1, 4, 0) -> (777, 195, 0, 4, 0)  pos=(-1100, 100, 300)
f=  6106 idx=114 chg   (9, 13, 2, 0, 0) -> (9, 13, 11, 0, 0)  pos=(650, 70, 800)
f=  6108 idx=114 END   0xc0c9810
f=  6132 idx= 84 NEW   (202164136, 9, 194, 9, 0, 33, 0, 50, 600)
f=  6150 idx= 33 chg   (777, 195, 0, 4, 0) -> (777, 195, 2, 4, 0)  pos=(-1100, 100, 300)
f=  6152 idx= 78 chg   (265, 14, 2, 0, 0) -> (777, 14, 5, 0, 0)  pos=(0, -10, -80)
NOYIELD f_end=5956 chest(idx=59,-650,180) hist(f,content,+421)=[(5916, '0xc1', '0x2'), (5918, '0xc1', '0x9'), (5944, '0x0', '0x9'), (5954, '0x0', '0xb')]
f=  6160 idx= 59 NEW   (202151952, 9, 33, 0, 0, 0, 0, 90, 600)
f=  6160 idx= 84 chg   (9, 194, 9, 0, 33) -> (9, 194, 9, 0, 0)  pos=(0, 50, 600)
f=  6170 idx= 84 END   0xc0cc7a8
f=  6182 idx= 59 chg   (9, 33, 0, 0, 0) -> (9, 33, 2, 0, 0)  pos=(0, 70, 600)
f=  6184 idx= 59 chg   (9, 33, 2, 0, 0) -> (9, 33, 5, 0, 0)  pos=(0, 8, 0)
f=  6192 idx=134 NEW   (202164136, 65289, 194, 2, 0, 43, 650, 50, 800)
f=  6196 idx= 71 chg   (65289, 194, 2, 5, 193) -> (9, 194, 9, 5, 193)  pos=(950, 50, 300)
NOYIELD f_end=6000 chest(idx=84,250,-600) hist(f,content,+421)=[(5354, '0xc1', '0x2'), (5962, '0xc1', '0x9'), (5988, '0x0', '0x9'), (5998, '0x0', '0xb')]
f=  6222 idx= 71 chg   (9, 194, 9, 5, 193) -> (9, 194, 9, 5, 0)  pos=(950, 50, 300)
f=  6222 idx=114 NEW   (202161328, 9, 193, 0, 5, 0, 950, 75, 300)
f=  6222 idx=138 chg   (65289, 194, 2, 0, 51) -> (9, 194, 9, 0, 51)  pos=(-650, 50, 180)
f=  6232 idx= 71 chg   (9, 194, 9, 5, 0) -> (9, 194, 11, 5, 0)  pos=(950, 50, 300)
f=  6234 idx= 71 END   0xc0cc7a8
f=  6238 idx= 64 END   0xc0cbcb0
f=  6240 idx= 78 chg   (777, 14, 5, 0, 0) -> (777, 14, 6, 0, 0)  pos=(-602, 180, 220)
f=  6244 idx=114 chg   (9, 193, 0, 5, 0) -> (9, 193, 2, 5, 0)  pos=(950, 75, 300)
f=  6246 idx=114 END   0xc0cbcb0
f=  6250 idx= 72 NEW   (202151952, 9, 51, 0, 0, 0, -650, 90, 180)
f=  6250 idx=138 chg   (9, 194, 9, 0, 51) -> (9, 194, 9, 0, 0)  pos=(-650, 50, 180)
f=  6260 idx=138 END   0xc0cc7a8
f=  6272 idx= 72 chg   (9, 51, 0, 0, 0) -> (9, 51, 2, 0, 0)  pos=(-650, 70, 180)
f=  6274 idx= 72 chg   (9, 51, 2, 0, 0) -> (777, 51, 5, 0, 0)  pos=(0, -32, 14)
f=  6280 idx=134 chg   (65289, 194, 2, 0, 43) -> (9, 194, 9, 0, 43)  pos=(650, 50, 800)
f=  6294 idx= 78 END   0xc0c9810
f=  6306 idx= 78 NEW   (202164136, 65289, 194, 2, 3, 193, 950, 50, 300)
f=  6306 idx= 98 NEW   (202151952, 9, 43, 0, 0, 0, 650, 110, 800)
f=  6306 idx=134 chg   (9, 194, 9, 0, 43) -> (9, 194, 9, 0, 0)  pos=(650, 50, 800)
f=  6316 idx=134 chg   (9, 194, 9, 0, 0) -> (9, 194, 11, 0, 0)  pos=(650, 50, 800)
f=  6318 idx=134 END   0xc0cc7a8
f=  6328 idx= 98 chg   (9, 43, 0, 0, 0) -> (9, 43, 2, 0, 0)  pos=(650, 110, 800)
f=  6356 idx= 32 chg   (521, 195, 5, 4, 0) -> (521, 195, 6, 4, 0)  pos=(392, 270, 905)
f=  6356 idx= 84 NEW   (202161328, 9, 193, 0, 5, 0, 381, 96, 911)
f=  6364 idx= 32 chg   (521, 195, 6, 4, 0) -> (521, 195, 2, 4, 0)  pos=(273, 436, 977)
f=  6364 idx= 59 chg   (9, 33, 5, 0, 0) -> (9, 33, 6, 0, 0)  pos=(477, 181, 871)
f=  6366 idx= 64 NEW   (202164136, 65289, 194, 2, 0, 8, -600, 50, 650)
NOYIELD f_end=6170 chest(idx=84,0,600) hist(f,content,+421)=[(6132, '0x21', '0x9'), (6160, '0x0', '0x9')]
f=  6380 idx= 67 END   0xc0cbcb0
f=  6396 idx= 59 chg   (9, 33, 6, 0, 0) -> (9, 33, 2, 0, 0)  pos=(610, 70, 824)
f=  6404 idx= 84 chg   (9, 193, 0, 5, 0) -> (9, 193, 2, 5, 0)  pos=(509, 75, 1043)
NOYIELD f_end=6234 chest(idx=71,950,300) hist(f,content,+421)=[(5204, '0xc1', '0x2'), (6196, '0xc1', '0x9'), (6222, '0x0', '0x9'), (6232, '0x0', '0xb')]
NOYIELD f_end=6260 chest(idx=138,-650,180) hist(f,content,+421)=[(6028, '0x33', '0x2'), (6222, '0x33', '0x9'), (6250, '0x0', '0x9')]
NOYIELD f_end=6318 chest(idx=134,650,800) hist(f,content,+421)=[(6192, '0x2b', '0x2'), (6280, '0x2b', '0x9'), (6306, '0x0', '0x9'), (6316, '0x0', '0xb')]
f=  6540 idx= 72 chg   (777, 51, 5, 0, 0) -> (777, 51, 6, 0, 0)  pos=(577, 181, 890)
f=  6572 idx= 72 chg   (777, 51, 6, 0, 0) -> (777, 51, 2, 0, 0)  pos=(489, 70, 1001)
f=  6620 idx= 83 NEW   (202157228, 521, 0, 1, 0, 0, 831, 326, 598)
f=  6648 idx= 83 END   0xc0cacac
f=  6732 idx=105 NEW   (202161328, 9, 193, 0, 0, 0, 755, 75, 651)
f=  6738 idx= 59 chg   (9, 33, 2, 0, 0) -> (265, 33, 5, 0, 0)  pos=(0, 8, 0)
f=  6770 idx= 59 chg   (265, 33, 5, 0, 0) -> (265, 33, 7, 0, 0)  pos=(0, 8, 0)
f=  6776 idx= 78 chg   (65289, 194, 2, 3, 193) -> (9, 194, 9, 3, 193)  pos=(950, 50, 300)
f=  6780 idx=105 chg   (9, 193, 0, 0, 0) -> (9, 193, 2, 0, 0)  pos=(726, 75, 937)
f=  6782 idx=105 END   0xc0cbcb0
f=  6802 idx= 70 NEW   (202161328, 9, 193, 0, 3, 0, 950, 75, 300)
f=  6802 idx= 78 chg   (9, 194, 9, 3, 193) -> (9, 194, 9, 3, 0)  pos=(950, 50, 300)
f=  6812 idx= 78 chg   (9, 194, 9, 3, 0) -> (9, 194, 11, 3, 0)  pos=(950, 50, 300)
f=  6814 idx= 72 chg   (777, 51, 2, 0, 0) -> (777, 51, 5, 0, 0)  pos=(0, -32, 14)
f=  6814 idx= 78 END   0xc0cc7a8
f=  6818 idx= 59 chg   (265, 33, 7, 0, 0) -> (265, 33, 5, 0, 0)  pos=(0, 8, 0)
f=  6824 idx= 70 chg   (9, 193, 0, 3, 0) -> (9, 193, 2, 3, 0)  pos=(950, 75, 300)
f=  6848 idx= 84 END   0xc0cbcb0
f=  6850 idx= 59 chg   (265, 33, 5, 0, 0) -> (265, 33, 6, 0, 0)  pos=(592, 171, 1019)
f=  6874 idx= 72 chg   (777, 51, 5, 0, 0) -> (777, 51, 6, 0, 0)  pos=(624, 171, 794)
f=  6884 idx= 59 chg   (265, 33, 6, 0, 0) -> (265, 33, 2, 0, 0)  pos=(695, 70, 916)
f=  6908 idx= 72 chg   (777, 51, 6, 0, 0) -> (777, 51, 2, 0, 0)  pos=(714, 70, 909)
f=  6930 idx= 98 END   0xc0c9810
f=  6990 idx=100 NEW   (202164136, 65289, 194, 2, 6, 193, 650, 50, 800)
NOYIELD f_end=6814 chest(idx=78,950,300) hist(f,content,+421)=[(6306, '0xc1', '0x2'), (6776, '0xc1', '0x9'), (6802, '0x0', '0x9'), (6812, '0x0', '0xb')]
f=  7020 idx= 32 chg   (521, 195, 2, 4, 0) -> (521, 195, 10, 4, 0)  pos=(317, 100, 970)
f=  7022 idx= 32 chg   (521, 195, 10, 4, 0) -> (521, 195, 1, 4, 0)  pos=(-900, 100, 100)
f=  7058 idx=105 NEW   (202157228, 521, 0, 1, 0, 0, -430, 191, 876)
f=  7062 idx= 26 chg   (265, 195, 2, 4, 0) -> (265, 195, 10, 4, 0)  pos=(-536, 100, 1034)
f=  7064 idx= 26 chg   (265, 195, 10, 4, 0) -> (265, 195, 1, 4, 0)  pos=(-500, 100, 1000)
f=  7066 idx= 30 chg   (265, 195, 2, 4, 0) -> (265, 195, 10, 4, 0)  pos=(-655, 100, 1051)
f=  7068 idx= 30 chg   (265, 195, 10, 4, 0) -> (265, 195, 1, 4, 0)  pos=(-650, 100, 1050)
f=  7084 idx=105 END   0xc0cacac
f=  7092 idx= 91 END   0xc0cbcb0
f=  7152 idx= 78 NEW   (202164136, 65289, 194, 2, 2, 193, 250, 50, -600)
f=  7192 idx= 64 chg   (65289, 194, 2, 0, 8) -> (9, 194, 9, 0, 8)  pos=(-600, 50, 650)
f=  7218 idx= 64 chg   (9, 194, 9, 0, 8) -> (9, 194, 9, 0, 0)  pos=(-600, 50, 650)
f=  7218 idx=114 NEW   (202156328, 9, 8, 0, 0, 0, -600, 70, 650)
f=  7228 idx= 64 chg   (9, 194, 9, 0, 0) -> (9, 194, 11, 0, 0)  pos=(-600, 50, 650)
f=  7230 idx= 64 END   0xc0cc7a8
f=  7242 idx= 93 NEW   (202161328, 9, 193, 0, 5, 0, 386, 75, 626)
f=  7242 idx=114 chg   (9, 8, 0, 0, 0) -> (9, 8, 2, 0, 0)  pos=(-600, 28, 650)
f=  7290 idx= 93 chg   (9, 193, 0, 5, 0) -> (9, 193, 2, 5, 0)  pos=(308, 75, 709)
f=  7300 idx=114 chg   (9, 8, 2, 0, 0) -> (777, 8, 5, 0, 0)  pos=(0, -32, 0)
f=  7322 idx= 32 chg   (521, 195, 1, 4, 0) -> (521, 195, 0, 4, 0)  pos=(-900, 100, 100)
f=  7364 idx= 26 chg   (265, 195, 1, 4, 0) -> (265, 195, 0, 4, 0)  pos=(-500, 100, 1000)
f=  7368 idx= 30 chg   (265, 195, 1, 4, 0) -> (265, 195, 0, 4, 0)  pos=(-650, 100, 1050)
f=  7382 idx= 32 chg   (521, 195, 0, 4, 0) -> (521, 195, 2, 4, 0)  pos=(-900, 100, 100)
f=  7424 idx= 26 chg   (265, 195, 0, 4, 0) -> (265, 195, 2, 4, 0)  pos=(-500, 100, 1000)
f=  7428 idx= 30 chg   (265, 195, 0, 4, 0) -> (265, 195, 2, 4, 0)  pos=(-650, 100, 1050)
NOYIELD f_end=7230 chest(idx=64,-600,650) hist(f,content,+421)=[(6366, '0x8', '0x2'), (7192, '0x8', '0x9'), (7218, '0x0', '0x9'), (7228, '0x0', '0xb')]
f=  7438 idx= 70 END   0xc0cbcb0
f=  7460 idx=114 chg   (777, 8, 5, 0, 0) -> (777, 8, 8, 0, 0)  pos=(494, 139, 483)
f=  7476 idx=114 END   0xc0ca928
f=  7484 idx= 59 chg   (265, 33, 2, 0, 0) -> (265, 33, 11, 0, 0)  pos=(695, 70, 916)
f=  7486 idx= 59 END   0xc0c9810
f=  7498 idx=104 NEW   (202164136, 9, 194, 9, 0, 11, 950, 50, 300)
f=  7508 idx= 72 chg   (777, 51, 2, 0, 0) -> (777, 51, 11, 0, 0)  pos=(714, 70, 909)
f=  7510 idx= 72 END   0xc0c9810
f=  7526 idx= 59 NEW   (202151952, 9, 11, 0, 0, 0, 950, 90, 300)
f=  7526 idx=104 chg   (9, 194, 9, 0, 11) -> (9, 194, 9, 0, 0)  pos=(950, 50, 300)
f=  7536 idx=104 END   0xc0cc7a8
f=  7548 idx= 59 chg   (9, 11, 0, 0, 0) -> (9, 11, 2, 0, 0)  pos=(950, 70, 300)
f=  7556 idx=100 chg   (65289, 194, 2, 6, 193) -> (9, 194, 9, 6, 193)  pos=(650, 50, 800)
f=  7558 idx=104 NEW   (202164136, 65289, 194, 2, 0, 10, -600, 50, 650)
f=  7584 idx= 83 NEW   (202161328, 9, 193, 0, 6, 0, 650, 86, 800)
f=  7584 idx=100 chg   (9, 194, 9, 6, 193) -> (9, 194, 9, 6, 0)  pos=(650, 50, 800)
f=  7594 idx=100 END   0xc0cc7a8
f=  7606 idx= 83 END   0xc0cbcb0
f=  7618 idx= 67 NEW   (202164136, 65289, 194, 2, 0, 121, 0, 50, 600)
f=  7670 idx= 81 NEW   (202157228, 9, 0, 1, 0, 0, 924, 503, -5)
f=  7678 idx=108 NEW   (202164136, 65289, 194, 2, 0, 5, -650, 50, 180)
f=  7706 idx= 81 END   0xc0cacac
f=  7738 idx=117 NEW   (202164136, 65289, 194, 2, 0, 6, 650, 50, 800)
NOYIELD f_end=7536 chest(idx=104,950,300) hist(f,content,+421)=[(7498, '0xb', '0x9'), (7526, '0x0', '0x9')]
f=  7782 idx= 78 chg   (65289, 194, 2, 2, 193) -> (9, 194, 9, 2, 193)  pos=(250, 50, -600)
NOYIELD f_end=7594 chest(idx=100,650,800) hist(f,content,+421)=[(6990, '0xc1', '0x2'), (7556, '0xc1', '0x9'), (7584, '0x0', '0x9')]
f=  7810 idx= 78 chg   (9, 194, 9, 2, 193) -> (9, 194, 9, 2, 0)  pos=(250, 50, -600)
f=  7810 idx=139 NEW   (202161328, 9, 193, 0, 2, 0, 250, 86, -600)
f=  7820 idx= 78 END   0xc0cc7a8
f=  7832 idx=139 chg   (9, 193, 0, 2, 0) -> (9, 193, 2, 2, 0)  pos=(250, 75, -600)
MATCH=0 MISMATCH=3
