tomb: P2 y over time (every 1200 f): [0, 0, 0, -9898, -10000, -20000, -20000, -20000, -20000, -20000]
   P2 state every 1200 f: [0, 0, 0, 32, 0, 15, 0, 0, 0, 0]
   0x8C471A78 (stage floor/elevator y) every 1200 f: [0, 0, 0, -9898, -10000, -20000, -20000, -20000, -20000, -20000]
   words 0x8C471A60+4j that change: {'0x8c471a64': [1137180672, 1141340961, 1141403236, 1141637120, 3276275712, 3277583548, 3279077404, 3279251067], '0x8c471a68': [1120856624, 1128792064, 1155597007, 1163571171, 1166898108, 1167963890, 1169010542, 1169793024], '0x8c471a6c': [0, 1088570880, 3272872496, 3323155072, 3323434960, 3323570151, 3323637760, 3323659264], '0x8c471a70': [1137180672, 1141340961, 1141403236, 1141637120, 3276275712, 3277583548, 3279077404, 3279251067], '0x8c471a74': [1140802455, 1149948757, 1158280402, 1161805061, 1166650692, 1170303565, 1171003174, 3241523084], '0x8c471a78': [0, 3322142720, 3323113552, 3323124816, 3323535360, 3323636224, 3323740160, 3323927680], '0x8c471a7c': [1095617160, 1128792064, 1130215446, 1137180672, 3276275712, 3278714639, 3278979062, 3280094460], '0x8c471a80': [1134886912, 3276275712, 3310649344], '0x8c471a84': [1133576192, 3323535360, 3331975168], '0x8c471a88': [1128792064, 1137180672, 3284008960], '0x8c471a8c': [1128792064, 3290103808, 3311468544]}
   distinct y levels: [-20000.0, -17700.0, -10200.0, -10000.0, -9900.0, -9800.0, -9400.0, -8450.0, 0.0]
DONE
darkcastle: P2 y over time (every 1200 f): [0, 0, 0, 1600, 3300, 179, 0, 0, 0, 0]
   P2 state every 1200 f: [0, 0, 0, 22, 0, 23, 0, 0, 0, 0]
   0x8C471A78 (stage floor/elevator y) every 1200 f: [0, 0, 0, 1600, 3300, 179, 0, 0, 0, 0]
   words 0x8C471A60+4j that change: {'0x8c471a60': [0, 3287941120], '0x8c471a64': [1120403456, 1133903872, 1134266746, 3281387520, 3282841937, 3283025920, 3283061351], '0x8c471a68': [1129447423, 1142292480, 1151410176, 1156834304, 3280568471, 3281387520, 3282832318, 3295571304], '0x8c471a6c': [0, 1127415808, 1136957300, 1148698624, 1148846080, 1153884160, 1161527296, 1163165696], '0x8c471a70': [1120403456, 1133903872, 1134266746, 3281387520, 3282841937, 3283025920, 3283061351], '0x8c471a74': [1129447423, 1133092913, 1133903872, 1134336671, 1142292480, 1155329024, 3293202274], '0x8c471a78': [0, 1117455032, 1127415808, 1148698624, 1153957888, 1162756096, 1165623296, 3249012768], '0x8c471a7c': [1133903872, 3267887104, 3278764299, 3281142267, 3281387520, 3288696873, 3288849022], '0x8c471a80': [3289776128, 3297755136], '0x8c471a84': [1148682240, 1148846080], '0x8c471a88': [3281387520, 3289776128], '0x8c471a8c': [1142292480, 3305529344]}
   distinct y levels: [0.0, 100.0, 200.0, 1000.0, 1600.0, 3300.0, 4000.0]
DONE
bluesky: P2 y over time (every 1200 f): [0, 35, 35, 35, 1014, 0, 0, 0, 0, 0]
   P2 state every 1200 f: [0, 0, 0, 0, 27, 0, 0, 0, 0, 0]
   0x8C471A78 (stage floor/elevator y) every 1200 f: [0, 35, 35, 35, 1014, 0, 0, 0, 0, 0]
   words 0x8C471A60+4j that change: {'0x8c471a64': [1128792064, 1133903872, 1140621312, 1141063680], '0x8c471a68': [1128792064, 3276275712, 3281387520, 3289096789], '0x8c471a6c': [0, 1127964172, 1148560181, 1148560649, 1148561119, 1148855797, 1148856791, 1148872413], '0x8c471a70': [1128792064, 1133903872, 1140621312, 1141063680], '0x8c471a74': [1128792064, 1133904169, 1134169363, 1136197632, 1144728370, 3276275712], '0x8c471a78': [0, 1108082685, 1129842732, 1130504192, 1148535912, 1148536198, 1148536488, 1148919162], '0x8c471a7c': [1104551623, 1112622325, 1128792064, 1135115582, 1136138650, 3267887104], '0x8c471a80': [0, 3276275712], '0x8c471a84': [1148682240, 1148846080, 1153138688], '0x8c471a88': [0, 3267887104, 3276275712], '0x8c471a8c': [1128792064, 3280732160]}
   distinct y levels: [0.0, 50.0, 200.0, 250.0, 1000.0, 1600.0]
DONE
iceberg: P2 y over time (every 1200 f): [28, 5, 0, 12, -13, 7, 298, 298, 298, 298]
   P2 state every 1200 f: [0, 0, 0, 0, 0, 0, 0, 0, 0, 0]
   0x8C471A78 (stage floor/elevator y) every 1200 f: [28, 6, -1, 13, -13, 7, 298, 298, 298, 298]
   words 0x8C471A60+4j that change: {'0x8c471a60': [0, 1133903872], '0x8c471a68': [1150605706, 1150663632, 1150905955, 1151035649, 1151073192], '0x8c471a6c': [1045594112, 1051672576, 1074614272, 1076246528, 1079980032, 1082494976, 1086419968, 1087640576], '0x8c471a74': [1150229575, 1150287501, 1150337165, 1150359869, 1150529824, 1150659518, 1150697061], '0x8c471a78': [1045594112, 1051672576, 1074614272, 1076246528, 1079980032, 1082494976, 1086419968, 1087640576], '0x8c471a7c': [1114870795, 1129894931, 3261350150]}
   distinct y levels: [-0.0, 50.0, 300.0, 400.0]
DONE
pharaoh: P2 y over time (every 1200 f): [0, 706, 688, 712, 833, 858, 683, 683, 683, 683]
   P2 state every 1200 f: [0, 0, 0, 0, 32, 32, 14, 14, 14, 14]
   0x8C471A78 (stage floor/elevator y) every 1200 f: [0, 705, 688, 714, 833, 858, 683, 683, 683, 683]
   words 0x8C471A60+4j that change: {'0x8c471a64': [1138041240, 1142395416, 1143270405, 1143736102, 1146959485, 1147207680, 1147392588, 1149810268], '0x8c471a68': [0, 1100683149, 1101250049, 1102739124, 1103115937, 1104250724, 1104800839, 1105676120], '0x8c471a6c': [0, 1141222749, 1143418364, 1143432072, 1143641757, 1143689712, 1143712365, 1143722440], '0x8c471a70': [1138041240, 1142395416, 1143270405, 1143736102, 1146959485, 1147207680, 1147392588, 1149810268], '0x8c471a74': [0, 1038008775, 1044024334, 1044339653, 3225259479, 3225867327, 3225867467, 3263118200], '0x8c471a78': [0, 1140781666, 1143090704, 1143104392, 1143314340, 1143329641, 1143351470, 1143362091], '0x8c471a7c': [1137579100, 1141407596, 1142126474, 1142229734, 1143337278, 1143603239, 1143736102, 1143753543], '0x8c471a88': [0, 1063563647, 1118725354, 1127430521, 1132696908, 1134892648, 1137180664, 1137180668]}
   distinct y levels: [-0.0, 500.0, 650.0, 700.0, 750.0, 800.0, 850.0, 900.0, 950.0]
DONE
chaos: P2 y over time (every 1200 f): [0, 0, 0, 0, 204, 0, 0, 276, 800, 922]
   P2 state every 1200 f: [0, 0, 32, 32, 0, 0, 0, 32, 0, 32]
   0x8C471A78 (stage floor/elevator y) every 1200 f: [0, 0, 0, 0, 204, 0, 0, 276, 800, 922]
   words 0x8C471A60+4j that change: {'0x8c471a64': [1148846080, 1161433228, 1162143127, 1162243656, 1163091540, 1163269437, 1163815787, 1163828116], '0x8c471a68': [1113281182, 1113398380, 1117498565, 1118013612, 1121266320, 1121379414, 1121492508, 1121662149], '0x8c471a6c': [0, 947912704, 949485568, 950272000, 965738496, 971112448, 972029952, 1102519834], '0x8c471a70': [1148846080, 1161433228, 1162143127, 1162243656, 1163091540, 1163269437, 1163815787, 1163828116], '0x8c471a74': [0, 1092391462, 1113338614, 3223442940, 3225046656, 3236405385, 3238447890, 3238675558], '0x8c471a78': [0, 952107008, 970981376, 973078528, 1095122084, 1105929620, 1125013894, 1125772716], '0x8c471a7c': [1146313091, 1148928000, 1148974197, 1149820928, 1153099360, 1158612519, 1158950028, 1159476700]}
   distinct y levels: [0.0, 50.0, 150.0, 200.0, 300.0, 500.0, 800.0, 900.0]
DONE
desert: P2 y over time (every 1200 f): [0, 0, 0, 0, 0, 0, 0, 0, 0, 0]
   P2 state every 1200 f: [0, 0, 0, 0, 0, 0, 0, 0, 0, 0]
   0x8C471A78 (stage floor/elevator y) every 1200 f: [0, 0, 0, 0, 0, 0, 0, 0, 0, 0]
   words 0x8C471A60+4j that change: {}
   distinct y levels: [0.0]
DONE
