== jump dy: [0.0, 0.57, 0.57, 0.57, 0.57, 0.58, 0.58, 1.79, 1.79, 1.79, 1.8, 5.39, -16.11, -21.61, 69.35, 26.07, 24.37, 22.69, 21.02, 20.93, 19.64, 18.35, 17.07, 15.79, 15.01, 13.78, 12.54, 11.31, 10.87, 9.66, 8.46, 7.26, 6.06, 4.85, 3.65, 2.45, 1.25, 0.04, 0.52, -0.71, -1.94, -3.18, -4.41, -5.65, -6.9, -8.14, -9.38, -10.35, -11.63, -12.92, -14.2, -15.49, -16.79, -18.08, -19.37, -21.2, -22.4, -23.6, -24.8, -26.0]
   dx: [0.0, -0.1, -0.12, -0.14, -0.15, -0.17, -0.18, -0.14, -0.15, -0.16, -0.17, -0.56, 2.7, -7.2, -12.18, 0.13, 0.29, 0.43, 0.56, 0.69, 0.71, 0.74, 0.76, 0.79, -0.08, -0.08, -0.08, -0.08, -0.02, -0.02, -0.02, -0.02, -0.02, -0.02, -0.02, -0.02, -0.02, -0.02, -0.09, -0.09, -0.09, -0.09, -0.09, -0.09, -0.09, -0.09, -0.09, -0.03, -0.04, -0.03, -0.04, -0.04, -0.03, -0.04, -0.03, 0.0, 0.0, 0.0, 0.0, 0.0]
  ax 0 []
  ax 1 []
  ax 2 []
== runjump dy: [0.0, 3.44, -6.57, -0.05, -3.07, -3.11, -3.15, -4.45, -4.42, 4.21, 0.52, 0.49, 0.43, 0.41, 0.39, 0.38, -4.81, -4.8, -4.86, -4.78, 2.18, 2.2, 2.21, 2.27, 2.19, 2.17, 2.13, 2.08, 0.34, 0.3, 0.27, 0.7, 57.17, 25.3, 20.72, 16.83, 13.91, 12.12, 9.22, 9.37, 10.29, 11.78, 12.04, 12.76, 13.14, 13.72, 14.08, 14.16, 14.21, 13.52, 12.47, 11.77, 10.01, 7.92, 5.56, 4.7, 2.72, 0.67, -1.42, -3.0]
   dx: [0.0, -0.85, 5.19, 3.73, 4.31, 4.5, 4.65, 5.31, 5.12, 3.59, 5.46, 5.39, 5.33, 5.25, 5.17, 5.09, 5.01, 4.92, 4.83, 4.73, 4.1, 4.16, 4.22, 4.3, 4.38, 4.47, 4.57, 4.68, 5.37, 5.44, 5.51, 1.69, -16.01, 13.03, 11.81, 9.92, 7.52, 4.88, 6.48, 4.45, 2.78, 1.61, 0.44, 0.36, 0.06, 0.57, 0.23, 1.23, 2.41, 3.6, 4.84, 6.17, 7.28, 8.29, 9.14, 8.7, 9.0, 9.21, 9.33, 5.67]
  ax 0 []
  ax 1 []
  ax 2 []
