groups ['iceberg', 'space', 'desertA', 'ship', 'pharaoh', 'garden']
u8 candidates constant within stage (incl. 3 desert slots), distinct across 6 stages: 40453
  8C532464 [148, 84, 0, 244, 132, 52]
  8C532465 [75, 92, 0, 83, 163, 201]
  8C541139 [102, 158, 42, 0, 126, 2]
  8C54113A [159, 158, 197, 0, 201, 181]
  8C54113D [13, 120, 209, 0, 66, 197]
  8C54113E [10, 63, 23, 0, 51, 28]
  8C541159 [77, 10, 42, 252, 126, 2]
  8C54115A [200, 102, 197, 255, 201, 181]
  8C54115D [122, 215, 209, 180, 66, 197]
  8C54115E [45, 10, 23, 93, 51, 28]
  8C541185 [102, 158, 42, 0, 126, 2]
  8C541186 [159, 158, 197, 0, 201, 181]
  8C54118D [77, 10, 42, 252, 126, 2]
  8C54118E [200, 102, 197, 255, 201, 181]
  8C541195 [13, 120, 209, 0, 66, 197]
  8C541196 [10, 63, 23, 0, 51, 28]
  8C54119D [122, 215, 209, 180, 66, 197]
  8C54119E [45, 10, 23, 93, 51, 28]
  8C541431 [102, 158, 42, 0, 126, 2]
  8C541432 [159, 158, 197, 0, 201, 181]
  8C541435 [13, 120, 209, 0, 66, 197]
  8C541436 [10, 63, 23, 0, 51, 28]
  8C541451 [77, 10, 42, 252, 126, 2]
  8C541452 [200, 102, 197, 255, 201, 181]
  8C541455 [122, 215, 209, 180, 66, 197]
  8C541456 [45, 10, 23, 93, 51, 28]
  8C54147D [102, 158, 42, 0, 126, 2]
  8C54147E [159, 158, 197, 0, 201, 181]
  8C541485 [77, 10, 42, 252, 126, 2]
  8C541486 [200, 102, 197, 255, 201, 181]
  8C54148D [13, 120, 209, 0, 66, 197]
  8C54148E [10, 63, 23, 0, 51, 28]
  8C541495 [122, 215, 209, 180, 66, 197]
  8C541496 [45, 10, 23, 93, 51, 28]
  8C541729 [102, 158, 42, 0, 126, 2]
  8C54172A [159, 158, 197, 0, 201, 181]
  8C54172D [13, 120, 209, 0, 66, 197]
  8C54172E [10, 63, 23, 0, 51, 28]
  8C541749 [77, 10, 42, 252, 126, 2]
  8C54174A [200, 102, 197, 255, 201, 181]
  8C54174D [122, 215, 209, 180, 66, 197]
  8C54174E [45, 10, 23, 93, 51, 28]
  8C541775 [102, 158, 42, 0, 126, 2]
  8C541776 [159, 158, 197, 0, 201, 181]
  8C54177D [77, 10, 42, 252, 126, 2]
  8C54177E [200, 102, 197, 255, 201, 181]
  8C541785 [13, 120, 209, 0, 66, 197]
  8C541786 [10, 63, 23, 0, 51, 28]
  8C54178D [122, 215, 209, 180, 66, 197]
  8C54178E [45, 10, 23, 93, 51, 28]
  8C541A21 [102, 158, 42, 0, 126, 2]
  8C541A22 [159, 158, 197, 0, 201, 181]
  8C541A25 [13, 120, 209, 0, 66, 197]
  8C541A26 [10, 63, 23, 0, 51, 28]
  8C541A41 [77, 10, 42, 252, 126, 2]
  8C541A42 [200, 102, 197, 255, 201, 181]
  8C541A45 [122, 215, 209, 180, 66, 197]
  8C541A46 [45, 10, 23, 93, 51, 28]
  8C541A6D [102, 158, 42, 0, 126, 2]
  8C541A6E [159, 158, 197, 0, 201, 181]
  8C541A75 [77, 10, 42, 252, 126, 2]
  8C541A76 [200, 102, 197, 255, 201, 181]
  8C541A7D [13, 120, 209, 0, 66, 197]
  8C541A7E [10, 63, 23, 0, 51, 28]
  8C541A85 [122, 215, 209, 180, 66, 197]
  8C541A86 [45, 10, 23, 93, 51, 28]
  8C542679 [13, 120, 209, 0, 66, 197]
  8C54267A [10, 63, 23, 0, 51, 28]
  8C542681 [122, 215, 209, 180, 66, 197]
  8C542682 [45, 10, 23, 93, 51, 28]
first 20 any-value: ['8C00EC24', '8C00EC26', '8C00EC60', '8C00EC61', '8C00EC62', '8C00EC65', '8C00EC66', '8C00EC80', '8C00EC81', '8C00EC82', '8C00EC84', '8C00EC85', '8C00EC86', '8C00ED0C', '8C00ED0D', '8C00ED0E', '8C00ED11', '8C00ED12', '8C00ED2C', '8C00ED2D']
DONE
