slot1 P1 Falcon(H)  00 00 00 00 00 00 00 00 00 00 00 00 d0 5d 53 0c d0 5d 53 0c 00 00 00 00 00 00 00 00 00 00 00 00 00 00 00 00 01 00 00 00
slot1 P2 Falcon(H)  00 01 00 00 00 00 00 00 98 24 53 0c 00 00 00 00 98 24 53 0c 00 00 00 00 00 00 00 00 00 00 00 00 00 00 00 00 02 00 00 00
slot1 P3 -          00 02 00 00 00 00 00 00 00 00 00 00 00 00 00 00 40 d0 53 0c 00 00 00 00 00 00 00 00 00 00 00 00 00 00 00 00 03 00 00 00
slot1 P4 -          00 03 00 00 00 00 00 00 00 00 00 00 00 00 00 00 08 97 53 0c 00 00 00 00 00 00 00 00 00 00 00 00 00 00 00 00 04 00 00 00
slot2 P1 Ayame(C3)  00 00 06 00 00 00 00 00 00 00 00 00 d0 5d 53 0c d0 5d 53 0c 00 00 00 00 00 00 00 00 00 00 00 00 00 00 00 00 01 00 00 00
slot2 P2 Falcon(H)  00 01 00 00 00 00 00 00 98 24 53 0c 08 97 53 0c 98 24 53 0c 00 00 00 00 00 00 00 00 00 00 00 00 00 00 00 00 02 00 00 00
slot2 P3 Pete(C3)   00 02 08 00 00 00 00 00 d0 5d 53 0c 40 d0 53 0c 40 d0 53 0c 00 00 00 00 00 00 00 00 00 00 00 00 00 00 00 00 03 00 00 00
slot2 P4 Accel(C3)  00 03 0b 00 00 00 00 00 08 97 53 0c 00 00 00 00 08 97 53 0c 00 01 00 01 00 00 00 00 00 00 00 00 00 00 04 00 04 00 00 00
slot3 P1 Pride(C8)  00 00 0f 00 00 00 00 00 00 00 00 00 d0 5d 53 0c d0 5d 53 0c 00 00 00 00 00 00 00 00 00 00 00 00 00 00 00 00 01 00 00 00
slot3 P2 Falcon(H)  00 01 00 00 00 00 00 00 98 24 53 0c 08 97 53 0c 98 24 53 0c 00 00 00 00 00 00 00 00 00 00 00 00 00 00 00 00 02 00 00 00
slot3 P3 Ryoma(C8)  00 02 01 00 00 00 00 00 d0 5d 53 0c 40 d0 53 0c 40 d0 53 0c 00 00 00 00 00 00 00 00 00 00 00 00 00 00 00 00 03 00 00 00
slot3 P4 Accel(C8)  00 03 0b 00 00 00 00 00 08 97 53 0c 00 00 00 00 08 97 53 0c 00 00 00 00 00 00 00 00 00 00 00 00 00 00 08 00 04 00 00 00
