events 40 (attacker_ptr_valid, some_other_hitbox_active): Counter({(False, False): 23, (True, True): 8, (False, True): 7, (True, False): 2})
(401, 1, 16.5, np.int64(32), None, [3], [1, 32, 1, 7])
(403, 1, 16.5, np.int64(32), None, [3], [1, 32, 1, 7])
(407, 1, 16.5, np.int64(32), None, [3], [1, 32, 1, 7])
(411, 1, 18.5, np.int64(32), None, [3], [1, 32, 1, 7])
(1133, 3, 71.8, np.int64(32), None, [], [1, 8, 1, 32])
(1289, 0, 85.0, np.int64(32), None, [], [32, 8, 1, 32])
(1335, 0, 88.6, np.int64(32), np.uint32(1), [1], [32, 7, 1, 32])
(1481, 0, 115.2, np.int64(32), np.uint32(1), [1], [32, 7, 1, 5])
(1641, 3, 74.8, np.int64(32), np.uint32(1), [1], [5, 7, 8, 32])
(1655, 3, 41.4, np.int64(32), None, [1], [1, 7, 8, 32])
(1787, 1, 29.1, np.int64(32), None, [], [8, 32, 1, 5])
(1791, 1, 25.0, np.int64(32), None, [], [8, 32, 1, 5])
(1857, 3, 33.7, np.int64(32), np.uint32(0), [0], [7, 16, 5, 32])
(2101, 2, 31.3, np.int64(32), np.uint32(3), [], [1, 1, 32, 1])
(2112, 2, 31.3, np.int64(32), np.uint32(3), [], [1, 2, 32, 1])
(2708, 1, 63.1, np.int64(32), None, [], [1, 32, 1, 8])
(2943, 0, 17.2, np.int64(32), np.uint32(3), [3], [32, 1, 1, 7])
(2971, 0, 10.3, np.int64(32), np.uint32(3), [3], [32, 7, 1, 7])
(2988, 0, 22.0, np.int64(32), np.uint32(3), [3], [32, 7, 1, 7])
(3819, 3, 3.8, np.int64(32), None, [1], [1, 7, 8, 32])
(3824, 3, 3.8, np.int64(32), None, [], [1, 7, 8, 32])
(3830, 3, 3.8, np.int64(32), None, [], [1, 7, 8, 32])
(3835, 3, 3.8, np.int64(32), None, [], [1, 7, 8, 32])
(3840, 3, 3.8, np.int64(32), None, [], [1, 1, 8, 32])
(3845, 3, 3.8, np.int64(32), None, [], [2, 10, 8, 32])
(4308, 0, 97.5, np.int64(32), np.uint32(1), [1], [32, 7, 1, 1])
(4771, 1, 6.4, np.int64(32), None, [], [1, 32, 8, 1])
(4925, 1, 46.6, np.int64(32), None, [], [8, 32, 1, 8])
(4956, 2, 31.6, np.int64(32), None, [], [7, 32, 32, 8])
(5138, 2, 31.6, np.int64(32), None, [1], [1, 15, 32, 8])
(5298, 1, 16.7, np.int64(32), None, [], [26, 32, 32, 1])
(5301, 1, 16.7, np.int64(32), None, [], [26, 32, 32, 1])
(5306, 1, 16.7, np.int64(32), None, [], [26, 32, 32, 1])
(5497, 1, 16.7, np.int64(32), None, [], [26, 32, 1, 5])
(5502, 1, 16.7, np.int64(32), None, [], [26, 32, 1, 1])
(5507, 1, 16.7, np.int64(32), None, [], [26, 32, 1, 1])
(5706, 0, 21.9, np.int64(32), None, [], [32, 0, 8, 1])
(5895, 1, 16.7, np.int64(32), None, [], [26, 32, 1, 1])
(5899, 1, 16.7, np.int64(32), None, [], [26, 32, 1, 1])
(5903, 1, 16.7, np.int64(32), None, [], [26, 32, 1, 1])
