addr       slot1(intro)                                      | slot2                                           | slot3                                           | base_s1
8C472A30  00 00 00 00 00 00 00 00 00 00 00 00 0c 00 00 00 | 00 00 00 00 00 00 00 00 00 00 00 00 0c 00 00 00 | 00 00 00 00 00 00 00 00 00 00 00 00 0c 00 00 00 | 00 00 00 00 00 00 00 00 00 00 00 00 0c 00 00 00
8C472A40  0a 00 00 00 02 00 00 00 05 00 00 00 01 00 00 00 | 0a 00 00 00 02 00 00 00 05 00 00 00 01 00 00 00 | 0a 00 00 00 02 00 00 00 05 00 00 00 01 00 00 00 | 0a 00 00 00 02 00 00 00 05 00 00 00 01 00 00 00
8C472A50  01 00 00 00 07 00 00 00 00 00 00 00 00 00 00 00 | 01 00 00 00 07 00 00 00 00 00 00 00 00 00 00 00 | 01 00 00 00 07 00 00 00 00 00 00 00 00 00 00 00 | 01 00 00 00 07 00 00 00 00 00 00 00 00 00 00 00
8C472A60  00 00 00 00 26 00 00 00 00 00 00 00 00 00 00 00 | 00 00 00 00 26 00 00 00 00 00 00 00 00 00 00 00 | 00 00 00 00 26 00 00 00 00 00 00 00 00 00 00 00 | 00 00 00 00 26 00 00 00 00 00 00 00 00 00 00 00
8C472AD0* 00 00 00 00 03 01 01 01 00 0e 0e 00 01 02 01 01 | 00 00 00 00 02 00 02 01 01 0e 0e 00 01 02 01 01 | 00 00 00 00 07 00 02 01 01 0e 0e 00 01 02 00 01 | 00 00 00 00 03 01 01 01 00 0e 0e 00 01 02 01 01
8C472AE0  01 01 00 00 00 00 00 00 00 00 00 00 00 00 00 00 | 01 01 00 00 00 00 00 00 00 00 00 00 00 00 00 00 | 01 01 00 00 00 00 00 00 00 00 00 00 00 00 00 00 | 01 01 00 00 00 00 00 00 00 00 00 00 00 00 00 00
8C472B20* 00 00 00 00 00 00 00 00 00 00 00 00 00 00 00 00 | 00 00 00 00 01 00 00 00 02 00 00 00 03 00 00 00 | 00 00 00 00 01 00 00 00 02 00 00 00 03 00 00 00 | 00 00 00 00 00 00 00 00 00 00 00 00 00 00 00 00
8C472B40* 00 00 00 00 00 00 00 00 00 00 00 00 00 00 00 00 | 00 00 00 00 00 00 00 00 00 00 00 00 14 00 00 00 | 00 00 00 00 00 00 00 00 00 00 00 00 14 00 00 00 | 00 00 00 00 00 00 00 00 00 00 00 00 00 00 00 00
8C472B50* 00 00 00 00 00 00 00 00 00 00 00 00 00 00 00 00 | 01 00 00 00 01 00 00 00 00 00 00 00 03 00 00 00 | 01 00 00 00 01 00 00 00 00 00 00 00 03 00 00 00 | 00 00 00 00 00 00 00 00 00 00 00 00 00 00 00 00
8C472B60* 00 00 00 00 00 00 00 00 00 00 00 00 00 00 00 00 | 05 00 00 00 05 00 00 00 01 00 00 00 00 00 00 00 | 05 00 00 00 05 00 00 00 01 00 00 00 00 00 00 00 | 00 00 00 00 00 00 00 00 00 00 00 00 00 00 00 00
8C472B70* 00 00 00 00 00 00 00 00 00 00 00 00 00 00 00 00 | 04 00 00 00 00 00 00 00 00 00 00 00 00 00 00 00 | 04 00 00 00 00 00 00 00 00 00 00 00 00 00 00 00 | 00 00 00 00 00 00 00 00 00 00 00 00 00 00 00 00
8C472B80* 00 00 00 00 00 00 00 00 00 00 00 00 00 00 00 00 | 00 00 00 00 05 00 00 00 05 00 00 00 00 00 00 00 | 00 00 00 00 05 00 00 00 05 00 00 00 00 00 00 00 | 00 00 00 00 00 00 00 00 00 00 00 00 00 00 00 00
8C472B90* 00 00 00 00 00 00 00 00 00 00 00 00 00 00 00 00 | 00 00 00 00 00 00 00 00 00 00 00 00 ff ff ff ff | 00 00 00 00 00 00 00 00 00 00 00 00 ff ff ff ff | 00 00 00 00 00 00 00 00 00 00 00 00 00 00 00 00
8C472BA0* 00 00 00 00 00 00 00 00 00 00 00 00 00 00 00 00 | 04 00 00 00 00 00 00 00 00 00 00 00 00 00 00 00 | 04 00 00 00 00 00 00 00 00 00 00 00 00 00 00 00 | 00 00 00 00 00 00 00 00 00 00 00 00 00 00 00 00
8C472CC0* 00 03 03 03 01 01 01 03 00 01 02 ff ff ff 06 03 | 00 03 02 02 01 01 01 03 00 01 02 ff ff ff 06 03 | 00 03 02 02 01 01 01 03 00 01 02 ff ff ff 06 03 | 00 03 03 03 01 01 01 03 00 01 02 ff ff ff 06 03
8C472CD0* 04 00 08 09 0a 03 05 06 07 ff ff ff 00 01 02 03 | 04 00 08 09 0a 01 05 ff ff ff ff ff 00 01 02 03 | 04 00 08 09 0a 01 05 ff ff ff ff ff 00 01 02 03 | 04 00 08 09 0a 03 05 06 07 ff ff ff 00 01 02 03
8C472CE0* 04 05 06 07 08 09 0a 00 0b 00 00 00 02 00 00 00 | 04 05 08 09 0a 00 00 00 09 00 00 00 04 00 00 00 | 04 05 08 09 0a 00 00 00 09 00 00 00 04 00 00 00 | 04 05 06 07 08 09 0a 00 0b 00 00 00 02 00 00 00
8C472CF0  02 00 00 00 00 00 00 00 05 00 00 00 00 00 00 00 | 02 00 00 00 00 00 00 00 05 00 00 00 00 00 00 00 | 02 00 00 00 00 00 00 00 05 00 00 00 00 00 00 00 | 02 00 00 00 00 00 00 00 05 00 00 00 00 00 00 00
8C472D00* 00 00 00 00 00 00 00 00 00 00 00 00 0f 03 00 00 | 00 00 00 00 00 00 00 00 00 00 00 00 86 04 00 00 | 00 00 00 00 00 00 00 00 00 00 00 00 35 00 00 00 | 00 00 00 00 00 00 00 00 00 00 00 00 0f 03 00 00
8C472D10  00 06 04 01 02 05 07 03 08 0a 09 0b 0e 0f 00 00 | 00 06 04 01 02 05 07 03 08 0a 09 0b 0e 0f 00 00 | 00 06 04 01 02 05 07 03 08 0a 09 0b 0e 0f 00 00 | 00 06 04 01 02 05 07 03 08 0a 09 0b 0e 0f 00 00
8C472D20  0e 00 00 00 01 00 00 00 01 00 00 00 00 00 00 00 | 0e 00 00 00 01 00 00 00 01 00 00 00 00 00 00 00 | 0e 00 00 00 01 00 00 00 01 00 00 00 00 00 00 00 | 0e 00 00 00 01 00 00 00 01 00 00 00 00 00 00 00
8C472D30* 00 00 00 00 00 00 00 00 02 00 00 00 00 00 00 00 | 00 00 00 00 01 00 00 00 02 00 00 00 00 00 00 00 | 00 00 00 00 00 00 00 00 01 00 00 00 00 00 00 00 | 00 00 00 00 00 00 00 00 02 00 00 00 00 00 00 00
8C472D40  00 00 00 00 00 00 00 00 01 00 00 00 00 00 00 00 | 00 00 00 00 00 00 00 00 01 00 00 00 00 00 00 00 | 00 00 00 00 00 00 00 00 01 00 00 00 00 00 00 00 | 00 00 00 00 00 00 00 00 01 00 00 00 00 00 00 00
8C472D50  00 00 00 00 01 00 00 00 00 00 00 00 00 00 00 00 | 00 00 00 00 01 00 00 00 00 00 00 00 00 00 00 00 | 00 00 00 00 01 00 00 00 00 00 00 00 00 00 00 00 | 00 00 00 00 01 00 00 00 00 00 00 00 00 00 00 00
8C472D70  00 00 00 00 02 00 00 00 00 00 00 00 00 00 00 00 | 00 00 00 00 02 00 00 00 00 00 00 00 00 00 00 00 | 00 00 00 00 02 00 00 00 00 00 00 00 00 00 00 00 | 00 00 00 00 02 00 00 00 00 00 00 00 00 00 00 00
8C472D90  00 00 00 00 03 00 00 00 00 00 00 00 00 00 00 00 | 00 00 00 00 03 00 00 00 00 00 00 00 00 00 00 00 | 00 00 00 00 03 00 00 00 00 00 00 00 00 00 00 00 | 00 00 00 00 03 00 00 00 00 00 00 00 00 00 00 00
8C472DA0* 00 00 00 00 00 00 00 00 00 00 00 00 00 00 00 00 | 00 00 00 00 00 00 00 00 01 00 00 00 00 00 00 00 | 00 00 00 00 00 00 00 00 01 00 00 00 00 00 00 00 | 00 00 00 00 00 00 00 00 00 00 00 00 00 00 00 00
8C472DB0* 00 00 00 00 00 00 00 00 01 00 00 00 00 00 00 00 | 06 00 00 00 01 00 00 00 01 00 00 00 00 00 00 00 | 0f 00 00 00 0d 00 00 00 01 00 00 00 00 00 00 00 | 00 00 00 00 00 00 00 00 01 00 00 00 00 00 00 00
8C472DC0  01 00 00 00 00 00 00 00 00 00 00 00 01 00 00 00 | 01 00 00 00 00 00 00 00 00 00 00 00 01 00 00 00 | 01 00 00 00 00 00 00 00 00 00 00 00 01 00 00 00 | 01 00 00 00 00 00 00 00 00 00 00 00 01 00 00 00
8C472DD0* 02 00 00 00 02 00 00 00 00 00 00 00 00 00 00 00 | 01 00 00 00 02 00 00 00 08 00 00 00 08 00 00 00 | 01 00 00 00 02 00 00 00 01 00 00 00 03 00 00 00 | 02 00 00 00 02 00 00 00 00 00 00 00 00 00 00 00
8C472DE0* 00 00 00 00 02 00 00 00 03 00 00 00 00 00 00 00 | 01 00 00 00 01 00 00 00 03 00 00 00 0b 00 00 00 | 01 00 00 00 01 00 00 00 03 00 00 00 0b 00 00 00 | 00 00 00 00 02 00 00 00 03 00 00 00 00 00 00 00
8C472DF0* 00 00 00 00 00 00 00 00 00 00 00 00 00 00 00 00 | 0b 00 00 00 01 00 00 00 00 00 00 00 00 00 00 00 | 0b 00 00 00 01 00 00 00 00 00 00 00 00 00 00 00 | 00 00 00 00 00 00 00 00 00 00 00 00 00 00 00 00
