byte offsets in P struct consistent with char id (Ay,Pete,Pride,Ryoma,Falcon,Accel):
  P+0002: [6, 8, 15, 1, 0, 11]
  P+04D4: [172, 138, 189, 39, 164, 0]
  P+04D5: [197, 229, 55, 174, 140, 0]
  P+04D6: [167, 220, 134, 100, 56, 0]
  P+04D7: [55, 191, 181, 65, 56, 0]
  P+04D8: [255, 224, 130, 192, 44, 0]
  P+04D9: [65, 19, 168, 50, 186, 0]
  P+04DA: [95, 151, 123, 15, 16, 0]
  P+04DB: [64, 193, 55, 65, 66, 0]
  P+04DC: [101, 235, 189, 216, 23, 0]
  P+04DD: [110, 85, 55, 162, 255, 0]
  P+04DE: [46, 144, 6, 162, 223, 0]
  P+04DF: [190, 63, 182, 193, 64, 0]
  P+056C: [101, 0, 106, 224, 189, 10]
  P+056D: [110, 0, 143, 247, 55, 215]
  P+056E: [46, 0, 106, 168, 134, 35]
  P+056F: [190, 0, 65, 193, 53, 61]
  P+05F6: [27, 220, 69, 49, 134, 6]
  P+05F7: [184, 191, 65, 193, 181, 182]
  P+05F8: [240, 224, 88, 96, 130, 0]
  P+05F9: [235, 19, 184, 56, 168, 0]
  P+05FA: [141, 151, 6, 195, 123, 0]
  P+15B8: [56, 160, 65, 24, 228, 33]
  P+15BA: [144, 170, 62, 211, 162, 195]
  P+15BC: [32, 255, 205, 70, 55, 213]
  P+15BD: [94, 178, 210, 90, 137, 204]
  P+15BE: [118, 187, 143, 199, 201, 124]
  P+2630: [200, 184, 128, 216, 104, 80]
  P+2990: [120, 96, 8, 48, 104, 192]
  P+2BD0: [80, 104, 128, 184, 56, 144]
  P+2C60: [136, 248, 224, 64, 152, 176]
  P+2CF0: [192, 136, 64, 200, 248, 24]
  P+2D80: [248, 24, 64, 80, 88, 56]
  P+2EA0: [136, 72, 168, 232, 8, 152]
  P+3050: [248, 192, 144, 72, 240, 208]
  P+3170: [48, 168, 160, 216, 184, 88]
  P+3290: [64, 200, 96, 232, 120, 176]
  P+3320: [72, 88, 96, 112, 240, 184]
  P+3560: [72, 56, 120, 232, 216, 200]
  P+35F0: [8, 96, 112, 40, 208, 16]
