obs v4 per-slot stats (production env, PS2_OBS_V4=1): 17893 observations (learner + policy-seat views) over 43 slots: training [0, 10, 11, 12, 13, 14, 15, 16, 17, 18, 19, 20, 21, 22, 30, 31, 32, 33, 34, 35, 36, 37, 38, 39, 40, 41, 42, 43, 50, 51, 52, 53, 54, 55, 56, 57, 58, 59] (/home/superserver/powerstone2-rl-mac/linux_port/states_mixed), held-out [90, 91, 92, 93, 94] (/home/superserver/powerstone2-rl-mac/linux_port/states); 150 random-action steps per slot.
features never non-zero on any slot: ['D.self.other', 'F.self.Gunrock', 'G.stage0', 'G.stage1', 'G.stage2', 'G.stage3', 'G.stage4', 'G.stage6', 'G.variant']

     slot steps stage map    min    max live  Achg% Bchg% Cchg% Dchg% Echg% Fchg% Gchg% Hchg%
  base:90   150     5   1  -2.00   2.00  152     42    15    72    34    99     9     1    77
  base:91   150     5   1  -1.67   2.00  132     41     1    79     3    99    15     1    79
  base:92   150     5   1  -5.00   2.00  147     40     3    72    22    98     9     1    73
  base:93   150     5   1  -1.40   2.43  165     38     7    79    38    98     9     1    80
  base:94   150     5   1  -1.96   2.00  132     40     5    70    15    98     9     1    69
    ffa:0   150     5   1  -5.00   5.00  137     47    11    76     5    98     0     1    81
   ffa:10   150     5   1  -5.00   5.00  160     37    19    84     9    98     7     1    84
   ffa:11   150     5   1  -4.17   4.47  127     43     0    77     2    98     6     1    76
   ffa:12   150     5   1  -5.00   5.00  154     40     6    78     9    98     4     1    76
   ffa:13   150     5   1  -5.00   5.00  140     40     8    84    11    99     9     1    85
   ffa:14   150     5   1  -5.00   5.00  161     39    15    77     5    99     9     1    77
   ffa:15   150     5   1  -4.40   4.39  144     41     3    83     5    99    10     1    83
   ffa:16   150     5   1  -4.55   5.00  138     57    13    85     3    99     3     1    85
   ffa:17   150     5   1  -5.00   5.00  132     50     0    83     5    98     4     1    83
   ffa:18   150     5   1  -4.67   5.00  158     43     3    84     9    97    11     1    82
   ffa:19   150     5   1  -5.00   5.00  148     40     1    81     5    98     3     1    79
   ffa:20   150     5   1  -5.00   5.00  169     44     1    75    11    98     5     1    75
   ffa:21   150     5   1  -4.63   4.40  164     45    38    83     6    98     6     1    82
   ffa:22   150     5   1  -5.00   5.00  141     52     5    82    55    98     3     1    80
   ffa:30   150     5   1  -5.00   5.00  154     60    12    79     6    98    11     1    81
   ffa:31   150     5   1  -5.00   5.00  151     43    21    72    13    98     0     1    75
   ffa:32   150     5   1  -3.35   4.98  138     51     6    78     5    98     7     1    78
   ffa:33   150     5   1  -5.00   5.00  152     37    10    85     4    98     2     1    85
   ffa:34   150     5   1  -4.35   3.99  144     52     0    78     7    98    13     1    79
   ffa:35   150     5   1  -4.99   5.00  147     40     4    71     6    98     9     1    75
   ffa:36   150     5   1  -5.00   5.00  133     44     0    83     1    98    13     1    85
   ffa:37   150     5   1  -5.00   5.00  145     48    11    83    12    98     5     1    81
   ffa:38   150     5   1  -4.55   4.44  152     50    23    75     5    99     3     1    77
   ffa:39   150     5   1  -4.03   5.00  163     35    15    77     6    98     5     1    81
   ffa:40   150     5   1  -5.00   5.00  169     42    25    78    28    99     3     1    76
   ffa:41   150     5   1  -5.00   4.96  159     55    41    83    13    99    11     1    86
   ffa:42   150     5   1  -5.00   4.05  164     45    22    75     7    98     5     1    72
   ffa:43   150     5   1  -4.15   4.32  140     47     1    79     3    98     9     1    79
   ffa:50   150     5   1  -5.00   5.00  155     50     0    86    28    99     5     1    85
   ffa:51   150     5   1  -4.54   5.00  166     47    13    83    16    99    13     1    81
   ffa:52   150     5   1  -1.75   3.32  158     51     5    85    27    98    14     1    82
   ffa:53   150     5   1  -2.79   5.00  148     56    11    85    29    98    13     1    83
   ffa:54   150     5   1  -3.99   2.87  168     45     3    69    32    98    10     1    67
   ffa:55   150     5   1  -5.00   5.00  139     49     0    85     5    98     7     1    82
   ffa:56   150     5   1  -4.62   5.00  183     44    23    82     5    98    11     1    83
   ffa:57   150     5   1  -3.55   5.00  156     36     3    85     5    95    10     1    85
   ffa:58   150     5   1  -4.67   5.00  180     35    17    79     8    98     5     1    83
   ffa:59   150     5   1  -5.00   5.00  154     51     2    76    37    98     6     1    75

obs idx feature                       nonzero      min      max
    160 A.opp0.hit_live                0.0444    0.000    1.000
    161 A.opp0.sph_dx                  0.0444   -5.000    5.000
    162 A.opp0.sph_dy                  0.0444   -2.515    2.438
    163 A.opp0.sph_dz                  0.0444   -4.017    5.000
    164 A.opp0.sph_r                   0.0444    0.000    1.080
    165 A.opp0.margin                  1.0000   -0.413    1.000
    166 A.opp0.hit_age                 0.0444    0.000    1.000
    167 A.opp0.atk414                  0.0856    0.000    1.000
    168 A.opp0.atk414_age              0.0856    0.000    1.000
    169 A.opp0.body124                 0.0689    0.000    1.000
    170 A.opp0.item_swing              0.0023    0.000    1.000
    171 A.opp1.hit_live                0.0421    0.000    1.000
    172 A.opp1.sph_dx                  0.0421   -5.000    5.000
    173 A.opp1.sph_dy                  0.0421   -3.153    2.285
    174 A.opp1.sph_dz                  0.0421   -5.000    5.000
    175 A.opp1.sph_r                   0.0421    0.000    1.080
    176 A.opp1.margin                  1.0000   -0.371    1.000
    177 A.opp1.hit_age                 0.0421    0.000    1.000
    178 A.opp1.atk414                  0.0876    0.000    1.000
    179 A.opp1.atk414_age              0.0876    0.000    1.000
    180 A.opp1.body124                 0.0652    0.000    1.000
    181 A.opp1.item_swing              0.0009    0.000    1.000
    182 A.opp2.hit_live                0.0501    0.000    1.000
    183 A.opp2.sph_dx                  0.0501   -5.000    5.000
    184 A.opp2.sph_dy                  0.0501   -2.468    2.043
    185 A.opp2.sph_dz                  0.0501   -5.000    5.000
    186 A.opp2.sph_r                   0.0501    0.000    0.650
    187 A.opp2.margin                  1.0000   -0.010    1.000
    188 A.opp2.hit_age                 0.0501    0.000    1.000
    189 A.opp2.atk414                  0.0994    0.000    1.000
    190 A.opp2.atk414_age              0.0994    0.000    1.000
    191 A.opp2.body124                 0.0650    0.000    1.000
    192 A.opp2.item_swing              0.0051    0.000    1.000
    193 A.self.hit_live                0.0576    0.000    1.000
    194 A.self.best_margin             1.0000   -0.445    1.000
    195 A.self.atk414                  0.1160    0.000    1.000
    196 A.self.item_swing              0.0036    0.000    1.000
    197 B.thr0.present                 0.0770    0.000    1.000
    198 B.thr0.dx                      0.0770   -3.103    2.212
    199 B.thr0.dy                      0.0757   -5.000    5.000
    200 B.thr0.dz                      0.0770   -2.251    1.502
    201 B.thr0.vx                      0.0732   -0.916    1.000
    202 B.thr0.vy                      0.0632   -1.440    0.650
    203 B.thr0.vz                      0.0740   -0.994    0.966
    204 B.thr0.radius                  0.0385    0.000    0.933
    205 B.thr0.thrown                  0.0344    0.000    1.000
    206 B.thr0.tca                     0.0398    0.000    1.000
    207 B.thr0.dca                     1.0000    0.019    2.000
    208 B.thr1.present                 0.0316    0.000    1.000
    209 B.thr1.dx                      0.0316   -3.173    2.130
    210 B.thr1.dy                      0.0316   -5.000    5.000
    211 B.thr1.dz                      0.0316   -2.317    1.537
    212 B.thr1.vx                      0.0308   -0.505    0.670
    213 B.thr1.vy                      0.0270   -0.500    0.650
    214 B.thr1.vz                      0.0311   -0.931    0.500
    215 B.thr1.radius                  0.0223    0.000    0.587
    216 B.thr1.thrown                  0.0007    0.000    1.000
    217 B.thr1.tca                     0.0116    0.000    1.000
    218 B.thr1.dca                     1.0000    0.028    2.000
    219 B.thr2.present                 0.0255    0.000    1.000
    220 B.thr2.dx                      0.0255   -3.229    2.192
    221 B.thr2.dy                      0.0255   -5.000    5.000
    222 B.thr2.dz                      0.0255   -2.207    1.570
    223 B.thr2.vx                      0.0251   -0.495    0.670
    224 B.thr2.vy                      0.0237   -0.445    0.650
    225 B.thr2.vz                      0.0255   -0.931    0.500
    226 B.thr2.radius                  0.0233    0.000    0.352
    227 B.thr2.thrown                  0.0002    0.000    1.000
    228 B.thr2.tca                     0.0097    0.000    1.000
    229 B.thr2.dca                     1.0000    0.022    2.000
    230 B.crowd600                     0.0326    0.000    2.000
    231 C.item0.present                0.3950    0.000    1.000
    232 C.item0.dx                     0.3950   -1.758    2.090
    233 C.item0.dz                     0.3941   -1.700    1.782
    234 C.item0.dy                     0.3950   -2.060    1.092
    235 C.item0.ready                  0.3514    0.000    1.000
    236 C.item0.melee                  0.2111    0.000    1.000
    237 C.item0.ranged                 0.1179    0.000    1.000
    238 C.item0.thrown                 0.0226    0.000    1.000
    239 C.item0.food                   0.0056    0.000    1.000
    240 C.item0.other                  0.0377    0.000    1.000
    241 C.item1.present                0.1849    0.000    1.000
    242 C.item1.dx                     0.1849   -1.740    2.090
    243 C.item1.dz                     0.1849   -1.740    1.849
    244 C.item1.dy                     0.1849   -2.060    0.520
    245 C.item1.ready                  0.1720    0.000    1.000
    246 C.item1.melee                  0.0801    0.000    1.000
    247 C.item1.ranged                 0.0694    0.000    1.000
    248 C.item1.thrown                 0.0277    0.000    1.000
    249 C.item1.food                   0.0014    0.000    1.000
    250 C.item1.other                  0.0063    0.000    1.000
    251 C.item2.present                0.0447    0.000    1.000
    252 C.item2.dx                     0.0447   -1.732    2.090
    253 C.item2.dz                     0.0447   -1.740    1.790
    254 C.item2.dy                     0.0447   -1.980    0.422
    255 C.item2.ready                  0.0409    0.000    1.000
    256 C.item2.melee                  0.0242    0.000    1.000
    257 C.item2.ranged                 0.0164    0.000    1.000
    258 C.item2.thrown                 0.0017    0.000    1.000
    259 C.item2.food                   0.0013    0.000    1.000
    260 C.item2.other                  0.0010    0.000    1.000
    261 C.prop.present                 1.0000    1.000    1.000
    262 C.prop.dx                      0.9961   -1.040    0.957
    263 C.prop.dz                      0.9609   -1.187    1.050
    264 C.prop.big                     0.5811    0.000    1.000
    265 C.chest0.present               0.6067    0.000    1.000
    266 C.chest0.dx                    0.6067   -1.685    2.087
    267 C.chest0.dz                    0.6067   -1.748    1.720
    268 C.chest0.dy                    0.6067   -2.180    0.100
    269 C.chest0.has_stone             0.0442    0.000    1.000
    270 C.chest1.present               0.5411    0.000    1.000
    271 C.chest1.dx                    0.5411   -1.782    2.090
    272 C.chest1.dz                    0.5408   -1.740    1.740
    273 C.chest1.dy                    0.5411   -2.180    0.100
    274 C.chest1.has_stone             0.0340    0.000    1.000
    275 D.self.melee                   0.0168    0.000    1.000
    276 D.self.r_long                  0.0083    0.000    1.000
    277 D.self.r_short                 0.0042    0.000    1.000
    278 D.self.thrown                  0.0363    0.000    1.000
    279 D.self.other                   0.0000    0.000    0.000
    280 D.self.uses_frac               0.0656    0.000    1.000
    281 D.opp0.melee                   0.0151    0.000    1.000
    282 D.opp0.r_long                  0.0193    0.000    1.000
    283 D.opp0.r_short                 0.0051    0.000    1.000
    284 D.opp0.thrown                  0.0802    0.000    1.000
    285 D.opp0.other                   0.0015    0.000    1.000
    286 D.opp0.uses_frac               0.1212    0.000    1.000
    287 D.opp1.melee                   0.0122    0.000    1.000
    288 D.opp1.r_long                  0.0153    0.000    1.000
    289 D.opp1.r_short                 0.0050    0.000    1.000
    290 D.opp1.thrown                  0.0871    0.000    1.000
    291 D.opp1.other                   0.0004    0.000    1.000
    292 D.opp1.uses_frac               0.1200    0.000    1.000
    293 D.opp2.melee                   0.0255    0.000    1.000
    294 D.opp2.r_long                  0.0150    0.000    1.000
    295 D.opp2.r_short                 0.0024    0.000    1.000
    296 D.opp2.thrown                  0.0691    0.000    1.000
    297 D.opp2.other                   0.0003    0.000    1.000
    298 D.opp2.uses_frac               0.1124    0.000    1.000
    299 E.self.invuln                  0.1299    0.000    1.000
    300 E.self.airborne                0.3017    0.000    1.000
    301 E.self.vy                      0.3273   -2.000    1.167
    302 E.self.hurt_h                  1.0000    0.030    1.020
    303 E.self.down                    0.0065    0.000    1.000
    304 E.self.held                    0.0034    0.000    1.000
    305 E.self.grabbing                0.0018    0.000    1.000
    306 E.self.state_age               0.8062    0.000    1.000
    307 E.opp0.invuln                  0.1307    0.000    1.000
    308 E.opp0.airborne                0.3435    0.000    1.000
    309 E.opp0.vy                      0.3708   -2.000    1.333
    310 E.opp0.hurt_h                  1.0000    0.030    1.020
    311 E.opp0.down                    0.0122    0.000    1.000
    312 E.opp0.held                    0.0029    0.000    1.000
    313 E.opp0.grabbing                0.0028    0.000    1.000
    314 E.opp0.state_age               0.8205    0.000    1.000
    315 E.opp1.invuln                  0.1251    0.000    1.000
    316 E.opp1.airborne                0.2818    0.000    1.000
    317 E.opp1.vy                      0.3106   -2.000    1.167
    318 E.opp1.hurt_h                  1.0000    0.030    1.020
    319 E.opp1.down                    0.0105    0.000    1.000
    320 E.opp1.held                    0.0018    0.000    1.000
    321 E.opp1.grabbing                0.0017    0.000    1.000
    322 E.opp1.state_age               0.8255    0.000    1.000
    323 E.opp2.invuln                  0.1233    0.000    1.000
    324 E.opp2.airborne                0.2445    0.000    1.000
    325 E.opp2.vy                      0.2730   -2.000    1.167
    326 E.opp2.hurt_h                  1.0000    0.210    1.020
    327 E.opp2.down                    0.0075    0.000    1.000
    328 E.opp2.held                    0.0015    0.000    1.000
    329 E.opp2.grabbing                0.0006    0.000    1.000
    330 E.opp2.state_age               0.8179    0.000    1.000
    331 E.opp0.last_hit_me             0.1374    0.000    1.000
    332 E.opp0.com_targets_me          0.0049    0.000    1.000
    333 E.opp1.last_hit_me             0.0799    0.000    1.000
    334 E.opp1.com_targets_me          0.0016    0.000    1.000
    335 E.opp2.last_hit_me             0.0553    0.000    1.000
    336 E.opp2.com_targets_me          0.0023    0.000    1.000
    337 F.self.Falcon                  0.8407    0.000    1.000
    338 F.self.Ryoma                   0.0168    0.000    1.000
    339 F.self.Wang-Tang               0.0251    0.000    1.000
    340 F.self.Jack                    0.0168    0.000    1.000
    341 F.self.Gunrock                 0.0000    0.000    0.000
    342 F.self.Galuda                  0.0084    0.000    1.000
    343 F.self.Ayame                   0.0084    0.000    1.000
    344 F.self.Rouge                   0.0251    0.000    1.000
    345 F.self.Pete                    0.0084    0.000    1.000
    346 F.self.Gourmand                0.0084    0.000    1.000
    347 F.self.Julia                   0.0168    0.000    1.000
    348 F.self.Accel                   0.0084    0.000    1.000
    349 F.self.Mel                     0.0084    0.000    1.000
    350 F.self.Pride                   0.0084    0.000    1.000
    351 F.opp0.Falcon                  0.5231    0.000    1.000
    352 F.opp0.Ryoma                   0.0435    0.000    1.000
    353 F.opp0.Wang-Tang               0.0373    0.000    1.000
    354 F.opp0.Jack                    0.0515    0.000    1.000
    355 F.opp0.Gunrock                 0.0283    0.000    1.000
    356 F.opp0.Galuda                  0.0391    0.000    1.000
    357 F.opp0.Ayame                   0.0361    0.000    1.000
    358 F.opp0.Rouge                   0.0300    0.000    1.000
    359 F.opp0.Pete                    0.0383    0.000    1.000
    360 F.opp0.Gourmand                0.0131    0.000    1.000
    361 F.opp0.Julia                   0.0488    0.000    1.000
    362 F.opp0.Accel                   0.0353    0.000    1.000
    363 F.opp0.Mel                     0.0440    0.000    1.000
    364 F.opp0.Pride                   0.0316    0.000    1.000
    365 F.opp1.Falcon                  0.5300    0.000    1.000
    366 F.opp1.Ryoma                   0.0488    0.000    1.000
    367 F.opp1.Wang-Tang               0.0372    0.000    1.000
    368 F.opp1.Jack                    0.0521    0.000    1.000
    369 F.opp1.Gunrock                 0.0254    0.000    1.000
    370 F.opp1.Galuda                  0.0353    0.000    1.000
    371 F.opp1.Ayame                   0.0254    0.000    1.000
    372 F.opp1.Rouge                   0.0456    0.000    1.000
    373 F.opp1.Pete                    0.0362    0.000    1.000
    374 F.opp1.Gourmand                0.0198    0.000    1.000
    375 F.opp1.Julia                   0.0446    0.000    1.000
    376 F.opp1.Accel                   0.0274    0.000    1.000
    377 F.opp1.Mel                     0.0466    0.000    1.000
    378 F.opp1.Pride                   0.0255    0.000    1.000
    379 F.opp2.Falcon                  0.6437    0.000    1.000
    380 F.opp2.Ryoma                   0.0506    0.000    1.000
    381 F.opp2.Wang-Tang               0.0264    0.000    1.000
    382 F.opp2.Jack                    0.0309    0.000    1.000
    383 F.opp2.Gunrock                 0.0136    0.000    1.000
    384 F.opp2.Galuda                  0.0264    0.000    1.000
    385 F.opp2.Ayame                   0.0394    0.000    1.000
    386 F.opp2.Rouge                   0.0337    0.000    1.000
    387 F.opp2.Pete                    0.0264    0.000    1.000
    388 F.opp2.Gourmand                0.0175    0.000    1.000
    389 F.opp2.Julia                   0.0412    0.000    1.000
    390 F.opp2.Accel                   0.0129    0.000    1.000
    391 F.opp2.Mel                     0.0187    0.000    1.000
    392 F.opp2.Pride                   0.0186    0.000    1.000
    393 G.fight_live                   0.7669    0.000    1.000
    394 G.menu_open                    0.6471    0.000    1.000
    395 G.stage0                       0.0000    0.000    0.000
    396 G.stage1                       0.0000    0.000    0.000
    397 G.stage2                       0.0000    0.000    0.000
    398 G.stage3                       0.0000    0.000    0.000
    399 G.stage4                       0.0000    0.000    0.000
    400 G.stage5                       1.0000    1.000    1.000
    401 G.stage6                       0.0000    0.000    0.000
    402 G.variant                      0.0000    0.000    0.000
    403 H.ray_up                       0.9333    0.000    1.000
    404 H.ray_down                     0.9333    0.000    1.000
    405 H.ray_left                     0.9333    0.000    1.000
    406 H.ray_right                    0.9333    0.000    1.000
    407 H.ray_upleft                   0.9333    0.000    1.000
    408 H.ray_upright                  0.9333    0.000    1.000
    409 H.ray_downleft                 0.9333    0.000    1.000
    410 H.ray_downright                0.9333    0.000    1.000
    411 H.pole_right                   0.9346   -1.186    1.175
    412 H.pole_up                      0.9346   -1.042    1.199
    413 H.pole_dist                    0.9346    0.000    1.232
    414 H.cluster_right                0.9390   -1.491    0.975
    415 H.cluster_up                   0.9394   -1.070    1.702
    416 H.cluster_dist                 0.9394    0.000    1.792
    417 H.wall_right                   0.9975   -0.707    0.707
    418 H.wall_up                      0.9975   -0.707    0.707
    419 H.wall_dist                    0.9975    0.000    1.000
    420 H.height_above_floor           0.4942   -0.000    2.280
    421 H.floor_ahead_up               0.0478   -1.000    0.000
    422 H.floor_ahead_down             0.1354   -1.000    0.000
    423 H.floor_ahead_left             0.1657   -1.000    0.000
    424 H.floor_ahead_right            0.0072   -1.000    0.000
    425 H.floor_ahead_upleft           0.0605   -1.000    0.000
    426 H.floor_ahead_upright          0.0039   -1.000    0.000
    427 H.floor_ahead_downleft         0.1666   -1.000    0.000
    428 H.floor_ahead_downright        0.0092   -1.000    0.000
    429 H.map_present                  1.0000    1.000    1.000
